2.050000e-01 -1.700000e-01 3.426140e-01 5.022819e-01 2.000000e-01 -1.650000e-01 3.434367e-01 5.058714e-01
2.050000e-01 -1.700000e-01 3.426140e-01 5.022819e-01 2.150000e-01 -1.700000e-01 3.431637e-01 5.044407e-01
2.150000e-01 -1.700000e-01 3.431637e-01 5.044407e-01 2.250000e-01 -1.700000e-01 3.436427e-01 5.064848e-01
2.250000e-01 -1.700000e-01 3.436427e-01 5.064848e-01 2.350000e-01 -1.700000e-01 3.440558e-01 5.084111e-01
2.350000e-01 -1.700000e-01 3.440558e-01 5.084111e-01 2.450000e-01 -1.700000e-01 3.444077e-01 5.102169e-01
2.450000e-01 -1.700000e-01 3.444077e-01 5.102169e-01 2.550000e-01 -1.700000e-01 3.447035e-01 5.118997e-01
2.550000e-01 -1.700000e-01 3.447035e-01 5.118997e-01 2.650000e-01 -1.700000e-01 3.449484e-01 5.134571e-01
2.650000e-01 -1.700000e-01 3.449484e-01 5.134571e-01 2.750000e-01 -1.700000e-01 3.451476e-01 5.148871e-01
2.750000e-01 -1.700000e-01 3.451476e-01 5.148871e-01 2.850000e-01 -1.700000e-01 3.453067e-01 5.161875e-01
2.850000e-01 -1.700000e-01 3.453067e-01 5.161875e-01 2.950000e-01 -1.700000e-01 3.454312e-01 5.173566e-01
2.950000e-01 -1.700000e-01 3.454312e-01 5.173566e-01 3.050000e-01 -1.700000e-01 3.455267e-01 5.183928e-01
3.050000e-01 -1.700000e-01 3.455267e-01 5.183928e-01 3.150000e-01 -1.700000e-01 3.455990e-01 5.192949e-01
3.150000e-01 -1.700000e-01 3.455990e-01 5.192949e-01 3.250000e-01 -1.700000e-01 3.456539e-01 5.200617e-01
3.250000e-01 -1.700000e-01 3.456539e-01 5.200617e-01 3.350000e-01 -1.700000e-01 3.456973e-01 5.206924e-01
3.350000e-01 -1.700000e-01 3.456973e-01 5.206924e-01 3.450000e-01 -1.700000e-01 3.457350e-01 5.211865e-01
3.450000e-01 -1.700000e-01 3.457350e-01 5.211865e-01 3.550000e-01 -1.700000e-01 3.457730e-01 5.215435e-01
3.550000e-01 -1.700000e-01 3.457730e-01 5.215435e-01 3.650000e-01 -1.700000e-01 3.458171e-01 5.217633e-01
3.650000e-01 -1.700000e-01 3.458171e-01 5.217633e-01 3.750000e-01 -1.700000e-01 3.458732e-01 5.218460e-01
3.750000e-01 -1.700000e-01 3.458732e-01 5.218460e-01 3.800000e-01 -1.650000e-01 3.458833e-01 5.268186e-01
1.550000e-01 -1.600000e-01 3.414215e-01 4.990283e-01 1.500000e-01 -1.550000e-01 3.423617e-01 5.021550e-01
1.550000e-01 -1.600000e-01 3.414215e-01 4.990283e-01 1.650000e-01 -1.600000e-01 3.422906e-01 5.017802e-01
1.650000e-01 -1.600000e-01 3.422906e-01 5.017802e-01 1.750000e-01 -1.600000e-01 3.430649e-01 5.044319e-01
1.750000e-01 -1.600000e-01 3.430649e-01 5.044319e-01 1.850000e-01 -1.600000e-01 3.437482e-01 5.069798e-01
1.850000e-01 -1.600000e-01 3.437482e-01 5.069798e-01 1.950000e-01 -1.600000e-01 3.443445e-01 5.094204e-01
2.000000e-01 -1.650000e-01 3.434367e-01 5.058714e-01 1.950000e-01 -1.600000e-01 3.443445e-01 5.094204e-01
3.800000e-01 -1.650000e-01 3.458833e-01 5.268186e-01 3.850000e-01 -1.600000e-01 3.458234e-01 5.317905e-01
3.850000e-01 -1.600000e-01 3.458234e-01 5.317905e-01 3.950000e-01 -1.600000e-01 3.457834e-01 5.315951e-01
3.950000e-01 -1.600000e-01 3.457834e-01 5.315951e-01 4.050000e-01 -1.600000e-01 3.457738e-01 5.312606e-01
4.050000e-01 -1.600000e-01 3.457738e-01 5.312606e-01 4.150000e-01 -1.600000e-01 3.458005e-01 5.307881e-01
4.150000e-01 -1.600000e-01 3.458005e-01 5.307881e-01 4.250000e-01 -1.600000e-01 3.458691e-01 5.301792e-01
4.250000e-01 -1.600000e-01 3.458691e-01 5.301792e-01 4.300000e-01 -1.550000e-01 3.455553e-01 5.347791e-01
1.150000e-01 -1.500000e-01 3.401227e-01 4.959249e-01 1.100000e-01 -1.450000e-01 3.411014e-01 4.986745e-01
1.150000e-01 -1.500000e-01 3.401227e-01 4.959249e-01 1.250000e-01 -1.500000e-01 3.413207e-01 4.991132e-01
1.250000e-01 -1.500000e-01 3.413207e-01 4.991132e-01 1.350000e-01 -1.500000e-01 3.424071e-01 5.022159e-01
1.350000e-01 -1.500000e-01 3.424071e-01 5.022159e-01 1.450000e-01 -1.500000e-01 3.433849e-01 5.052287e-01
1.500000e-01 -1.550000e-01 3.423617e-01 5.021550e-01 1.450000e-01 -1.500000e-01 3.433849e-01 5.052287e-01
4.300000e-01 -1.550000e-01 3.455553e-01 5.347791e-01 4.350000e-01 -1.500000e-01 3.451632e-01 5.393673e-01
4.350000e-01 -1.500000e-01 3.451632e-01 5.393673e-01 4.450000e-01 -1.500000e-01 3.451986e-01 5.384657e-01
4.450000e-01 -1.500000e-01 3.451986e-01 5.384657e-01 4.550000e-01 -1.500000e-01 3.452946e-01 5.374295e-01
4.550000e-01 -1.500000e-01 3.452946e-01 5.374295e-01 4.650000e-01 -1.500000e-01 3.454566e-01 5.362611e-01
4.650000e-01 -1.500000e-01 3.454566e-01 5.362611e-01 4.700000e-01 -1.450000e-01 3.449243e-01 5.405255e-01
8.500000e-02 -1.400000e-01 3.393297e-01 4.944376e-01 8.000000e-02 -1.350000e-01 3.403133e-01 4.968955e-01
8.500000e-02 -1.400000e-01 3.393297e-01 4.944376e-01 9.500000e-02 -1.400000e-01 3.408056e-01 4.979366e-01
9.500000e-02 -1.400000e-01 3.408056e-01 4.979366e-01 1.050000e-01 -1.400000e-01 3.421587e-01 5.013618e-01
1.100000e-01 -1.450000e-01 3.411014e-01 4.986745e-01 1.050000e-01 -1.400000e-01 3.421587e-01 5.013618e-01
4.700000e-01 -1.450000e-01 3.449243e-01 5.405255e-01 4.750000e-01 -1.400000e-01 3.443089e-01 5.447682e-01
4.750000e-01 -1.400000e-01 3.443089e-01 5.447682e-01 4.850000e-01 -1.400000e-01 3.444911e-01 5.433036e-01
4.850000e-01 -1.400000e-01 3.444911e-01 5.433036e-01 4.950000e-01 -1.400000e-01 3.447574e-01 5.417119e-01
4.950000e-01 -1.400000e-01 3.447574e-01 5.417119e-01 5.000000e-01 -1.350000e-01 3.440774e-01 5.457013e-01
6.500000e-02 -1.300000e-01 3.397068e-01 4.955703e-01 6.000000e-02 -1.250000e-01 3.406959e-01 4.978144e-01
6.500000e-02 -1.300000e-01 3.397068e-01 4.955703e-01 7.500000e-02 -1.300000e-01 3.413709e-01 4.992845e-01
8.000000e-02 -1.350000e-01 3.403133e-01 4.968955e-01 7.500000e-02 -1.300000e-01 3.413709e-01 4.992845e-01
5.000000e-01 -1.350000e-01 3.440774e-01 5.457013e-01 5.050000e-01 -1.300000e-01 3.433118e-01 5.496606e-01
5.050000e-01 -1.300000e-01 3.433118e-01 5.496606e-01 5.150000e-01 -1.300000e-01 3.436399e-01 5.477743e-01
5.150000e-01 -1.300000e-01 3.436399e-01 5.477743e-01 5.250000e-01 -1.300000e-01 3.440692e-01 5.457685e-01
5.250000e-01 -1.300000e-01 3.440692e-01 5.457685e-01 5.300000e-01 -1.250000e-01 3.432758e-01 5.494697e-01
4.500000e-02 -1.200000e-01 3.398801e-01 4.960712e-01 4.000000e-02 -1.150000e-01 3.408555e-01 4.981046e-01
4.500000e-02 -1.200000e-01 3.398801e-01 4.960712e-01 5.500000e-02 -1.200000e-01 3.417555e-01 4.999849e-01
6.000000e-02 -1.250000e-01 3.406959e-01 4.978144e-01 5.500000e-02 -1.200000e-01 3.417555e-01 4.999849e-01
5.300000e-01 -1.250000e-01 3.432758e-01 5.494697e-01 5.350000e-01 -1.200000e-01 3.423963e-01 5.531322e-01
5.350000e-01 -1.200000e-01 3.423963e-01 5.531322e-01 5.450000e-01 -1.200000e-01 3.429288e-01 5.508389e-01
5.450000e-01 -1.200000e-01 3.429288e-01 5.508389e-01 5.550000e-01 -1.200000e-01 3.435782e-01 5.484358e-01
5.550000e-01 -1.200000e-01 3.435782e-01 5.484358e-01 5.600000e-01 -1.150000e-01 3.427088e-01 5.518404e-01
2.500000e-02 -1.100000e-01 3.397894e-01 4.959647e-01 2.000000e-02 -1.050000e-01 3.407319e-01 4.977918e-01
2.500000e-02 -1.100000e-01 3.397894e-01 4.959647e-01 3.500000e-02 -1.100000e-01 3.418974e-01 5.000599e-01
4.000000e-02 -1.150000e-01 3.408555e-01 4.981046e-01 3.500000e-02 -1.100000e-01 3.418974e-01 5.000599e-01
5.600000e-01 -1.150000e-01 3.427088e-01 5.518404e-01 5.650000e-01 -1.100000e-01 3.417542e-01 5.551976e-01
5.650000e-01 -1.100000e-01 3.417542e-01 5.551976e-01 5.750000e-01 -1.100000e-01 3.425470e-01 5.525197e-01
5.750000e-01 -1.100000e-01 3.425470e-01 5.525197e-01 5.800000e-01 -1.050000e-01 3.416209e-01 5.557071e-01
5.000000e-03 -1.000000e-01 3.393760e-01 4.952798e-01 1.066855e-16 -9.500000e-02 3.402668e-01 4.969073e-01
5.000000e-03 -1.000000e-01 3.393760e-01 4.952798e-01 1.500000e-02 -1.000000e-01 3.417360e-01 4.995373e-01
2.000000e-02 -1.050000e-01 3.407319e-01 4.977918e-01 1.500000e-02 -1.000000e-01 3.417360e-01 4.995373e-01
5.800000e-01 -1.050000e-01 3.416209e-01 5.557071e-01 5.850000e-01 -1.000000e-01 3.406104e-01 5.588407e-01
5.850000e-01 -1.000000e-01 3.406104e-01 5.588407e-01 5.950000e-01 -1.000000e-01 3.415748e-01 5.558976e-01
5.950000e-01 -1.000000e-01 3.415748e-01 5.558976e-01 6.000000e-01 -9.500000e-02 3.406107e-01 5.588640e-01
-1.500000e-02 -9.000000e-02 3.385848e-01 4.940511e-01 -2.000000e-02 -8.500000e-02 3.394056e-01 4.954874e-01
-1.500000e-02 -9.000000e-02 3.385848e-01 4.940511e-01 -5.000000e-03 -9.000000e-02 3.412138e-01 4.984501e-01
1.066855e-16 -9.500000e-02 3.402668e-01 4.969073e-01 -5.000000e-03 -9.000000e-02 3.412138e-01 4.984501e-01
6.000000e-01 -9.500000e-02 3.406107e-01 5.588640e-01 6.050000e-01 -9.000000e-02 3.395641e-01 5.617704e-01
6.050000e-01 -9.000000e-02 3.395641e-01 5.617704e-01 6.150000e-01 -9.000000e-02 3.407273e-01 5.585743e-01
6.150000e-01 -9.000000e-02 3.407273e-01 5.585743e-01 6.200000e-01 -8.500000e-02 3.397450e-01 5.613180e-01
-2.500000e-02 -8.000000e-02 3.402766e-01 4.968363e-01 -3.000000e-02 -7.500000e-02 3.410794e-01 4.981366e-01
-2.000000e-02 -8.500000e-02 3.394056e-01 4.954874e-01 -2.500000e-02 -8.000000e-02 3.402766e-01 4.968363e-01
6.200000e-01 -8.500000e-02 3.397450e-01 5.613180e-01 6.250000e-01 -8.000000e-02 3.386827e-01 5.639956e-01
6.250000e-01 -8.000000e-02 3.386827e-01 5.639956e-01 6.350000e-01 -8.000000e-02 3.400705e-01 5.605615e-01
6.350000e-01 -8.000000e-02 3.400705e-01 5.605615e-01 6.400000e-01 -7.500000e-02 3.390899e-01 5.630826e-01
-4.500000e-02 -7.000000e-02 3.388746e-01 4.947379e-01 -5.000000e-02 -6.500000e-02 3.395783e-01 4.958615e-01
-4.500000e-02 -7.000000e-02 3.388746e-01 4.947379e-01 -3.500000e-02 -7.000000e-02 3.419292e-01 4.993475e-01
-3.000000e-02 -7.500000e-02 3.410794e-01 4.981366e-01 -3.500000e-02 -7.000000e-02 3.419292e-01 4.993475e-01
6.400000e-01 -7.500000e-02 3.390899e-01 5.630826e-01 6.450000e-01 -7.000000e-02 3.380330e-01 5.655320e-01
6.450000e-01 -7.000000e-02 3.380330e-01 5.655320e-01 6.500000e-01 -6.500000e-02 3.370239e-01 5.679058e-01
-5.500000e-02 -6.000000e-02 3.403225e-01 4.968942e-01 -6.000000e-02 -5.500000e-02 3.409893e-01 4.978885e-01
-5.000000e-02 -6.500000e-02 3.395783e-01 4.958615e-01 -5.500000e-02 -6.000000e-02 3.403225e-01 4.968942e-01
6.500000e-01 -6.500000e-02 3.370239e-01 5.679058e-01 6.550000e-01 -6.000000e-02 3.359400e-01 5.702037e-01
6.550000e-01 -6.000000e-02 3.359400e-01 5.702037e-01 6.650000e-01 -6.000000e-02 3.376803e-01 5.664017e-01
6.650000e-01 -6.000000e-02 3.376803e-01 5.664017e-01 6.700000e-01 -5.500000e-02 3.367057e-01 5.685544e-01
-6.500000e-02 -5.000000e-02 3.416926e-01 4.987906e-01 -7.000000e-02 -4.500000e-02 3.423150e-01 4.996582e-01
-6.000000e-02 -5.500000e-02 3.409893e-01 4.978885e-01 -6.500000e-02 -5.000000e-02 3.416926e-01 4.987906e-01
6.700000e-01 -5.500000e-02 3.367057e-01 5.685544e-01 6.750000e-01 -5.000000e-02 3.356610e-01 5.706264e-01
6.750000e-01 -5.000000e-02 3.356610e-01 5.706264e-01 6.800000e-01 -4.500000e-02 3.346777e-01 5.726295e-01
-8.500000e-02 -4.000000e-02 3.392855e-01 4.956069e-01 -9.000000e-02 -3.500000e-02 3.397716e-01 4.963233e-01
-8.500000e-02 -4.000000e-02 3.392855e-01 4.956069e-01 -7.500000e-02 -4.000000e-02 3.429698e-01 5.004324e-01
-7.000000e-02 -4.500000e-02 3.423150e-01 4.996582e-01 -7.500000e-02 -4.000000e-02 3.429698e-01 5.004324e-01
6.800000e-01 -4.500000e-02 3.346777e-01 5.726295e-01 6.850000e-01 -4.000000e-02 3.336267e-01 5.745478e-01
6.850000e-01 -4.000000e-02 3.336267e-01 5.745478e-01 6.950000e-01 -4.000000e-02 3.357831e-01 5.704221e-01
6.950000e-01 -4.000000e-02 3.357831e-01 5.704221e-01 7.000000e-01 -3.500000e-02 3.348673e-01 5.722112e-01
-9.500000e-02 -3.000000e-02 3.402829e-01 4.969467e-01 -1.000000e-01 -2.500000e-02 3.407069e-01 4.975470e-01
-9.000000e-02 -3.500000e-02 3.397716e-01 4.963233e-01 -9.500000e-02 -3.000000e-02 3.402829e-01 4.969467e-01
7.000000e-01 -3.500000e-02 3.348673e-01 5.722112e-01 7.050000e-01 -3.000000e-02 3.338899e-01 5.739115e-01
7.050000e-01 -3.000000e-02 3.338899e-01 5.739115e-01 7.100000e-01 -2.500000e-02 3.329861e-01 5.755520e-01
-1.050000e-01 -2.000000e-02 3.411518e-01 4.980539e-01 -1.100000e-01 -1.500000e-02 3.415067e-01 4.985422e-01
-1.000000e-01 -2.500000e-02 3.407069e-01 4.975470e-01 -1.050000e-01 -2.000000e-02 3.411518e-01 4.980539e-01
7.100000e-01 -2.500000e-02 3.329861e-01 5.755520e-01 7.150000e-01 -2.000000e-02 3.320240e-01 5.771003e-01
7.150000e-01 -2.000000e-02 3.320240e-01 5.771003e-01 7.250000e-01 -2.000000e-02 3.346517e-01 5.727047e-01
7.250000e-01 -2.000000e-02 3.346517e-01 5.727047e-01 7.300000e-01 -1.500000e-02 3.338476e-01 5.741433e-01
-1.150000e-01 -1.000000e-02 3.418780e-01 4.989368e-01 -1.200000e-01 -5.000000e-03 3.421571e-01 4.993174e-01
-1.100000e-01 -1.500000e-02 3.415067e-01 4.985422e-01 -1.150000e-01 -1.000000e-02 3.418780e-01 4.989368e-01
7.300000e-01 -1.500000e-02 3.338476e-01 5.741433e-01 7.350000e-01 -1.000000e-02 3.329922e-01 5.754871e-01
7.350000e-01 -1.000000e-02 3.329922e-01 5.754871e-01 7.400000e-01 -5.000000e-03 3.322208e-01 5.767816e-01
-1.250000e-01 1.066855e-16 3.424480e-01 4.996045e-01 -1.300000e-01 5.000000e-03 3.426447e-01 4.998822e-01
-1.200000e-01 -5.000000e-03 3.421571e-01 4.993174e-01 -1.250000e-01 1.066855e-16 3.424480e-01 4.996045e-01
7.400000e-01 -5.000000e-03 3.322208e-01 5.767816e-01 7.450000e-01 1.066855e-16 3.314022e-01 5.779787e-01
7.450000e-01 1.066855e-16 3.314022e-01 5.779787e-01 7.500000e-01 5.000000e-03 3.306718e-01 5.791306e-01
-1.350000e-01 1.000000e-02 3.428486e-01 5.000670e-01 -1.400000e-01 1.500000e-02 3.429566e-01 5.002470e-01
-1.300000e-01 5.000000e-03 3.426447e-01 4.998822e-01 -1.350000e-01 1.000000e-02 3.428486e-01 5.000670e-01
7.500000e-01 5.000000e-03 3.306718e-01 5.791306e-01 7.550000e-01 1.000000e-02 3.298984e-01 5.801827e-01
7.550000e-01 1.000000e-02 3.298984e-01 5.801827e-01 7.600000e-01 1.500000e-02 3.292172e-01 5.811939e-01
-1.450000e-01 2.000000e-02 3.430671e-01 5.003350e-01 -1.500000e-01 2.500000e-02 3.430804e-01 5.004229e-01
-1.400000e-01 1.500000e-02 3.429566e-01 5.002470e-01 -1.450000e-01 2.000000e-02 3.430671e-01 5.003350e-01
7.600000e-01 1.500000e-02 3.292172e-01 5.811939e-01 7.650000e-01 2.000000e-02 3.284974e-01 5.821033e-01
7.650000e-01 2.000000e-02 3.284974e-01 5.821033e-01 7.700000e-01 2.500000e-02 3.278735e-01 5.829765e-01
-1.550000e-01 3.000000e-02 3.430915e-01 5.004199e-01 -1.600000e-01 3.500000e-02 3.430046e-01 5.004215e-01
-1.500000e-01 2.500000e-02 3.430804e-01 5.004229e-01 -1.550000e-01 3.000000e-02 3.430915e-01 5.004199e-01
7.700000e-01 2.500000e-02 3.278735e-01 5.829765e-01 7.750000e-01 3.000000e-02 3.272159e-01 5.837461e-01
7.750000e-01 3.000000e-02 3.272159e-01 5.837461e-01 7.800000e-01 3.500000e-02 3.266574e-01 5.844845e-01
-1.600000e-01 3.500000e-02 3.430046e-01 5.004215e-01 -1.600000e-01 4.500000e-02 3.479999e-01 5.052411e-01
7.800000e-01 3.500000e-02 3.266574e-01 5.844845e-01 7.850000e-01 4.000000e-02 3.260702e-01 5.851179e-01
7.850000e-01 4.000000e-02 3.260702e-01 5.851179e-01 7.950000e-01 4.000000e-02 3.299785e-01 5.802392e-01
7.950000e-01 4.000000e-02 3.299785e-01 5.802392e-01 8.000000e-01 4.500000e-02 3.295950e-01 5.808235e-01
-1.650000e-01 5.000000e-02 3.478964e-01 5.050630e-01 -1.700000e-01 5.500000e-02 3.476921e-01 5.048968e-01
-1.600000e-01 4.500000e-02 3.479999e-01 5.052411e-01 -1.650000e-01 5.000000e-02 3.478964e-01 5.050630e-01
8.000000e-01 4.500000e-02 3.295950e-01 5.808235e-01 8.050000e-01 5.000000e-02 3.291912e-01 5.813038e-01
8.050000e-01 5.000000e-02 3.291912e-01 5.813038e-01 8.100000e-01 5.500000e-02 3.288913e-01 5.817664e-01
-1.750000e-01 6.000000e-02 3.474737e-01 5.046423e-01 -1.800000e-01 6.500000e-02 3.471544e-01 5.044044e-01
-1.700000e-01 5.500000e-02 3.476921e-01 5.048968e-01 -1.750000e-01 6.000000e-02 3.474737e-01 5.046423e-01
8.100000e-01 5.500000e-02 3.288913e-01 5.817664e-01 8.150000e-01 6.000000e-02 3.285763e-01 5.821245e-01
8.150000e-01 6.000000e-02 3.285763e-01 5.821245e-01 8.200000e-01 6.500000e-02 3.283672e-01 5.824702e-01
-1.850000e-01 7.000000e-02 3.468162e-01 5.040806e-01 -1.900000e-01 7.500000e-02 3.463774e-01 5.037779e-01
-1.800000e-01 6.500000e-02 3.471544e-01 5.044044e-01 -1.850000e-01 7.000000e-02 3.468162e-01 5.040806e-01
8.200000e-01 6.500000e-02 3.283672e-01 5.824702e-01 8.200000e-01 7.500000e-02 3.233890e-01 5.879311e-01
-1.900000e-01 7.500000e-02 3.463774e-01 5.037779e-01 -1.900000e-01 8.500000e-02 3.513033e-01 5.079313e-01
8.200000e-01 7.500000e-02 3.233890e-01 5.879311e-01 8.250000e-01 8.000000e-02 3.231629e-01 5.880658e-01
8.250000e-01 8.000000e-02 3.231629e-01 5.880658e-01 8.300000e-01 8.500000e-02 3.230470e-01 5.881960e-01
-1.950000e-01 9.000000e-02 3.508148e-01 5.074617e-01 -2.000000e-01 9.500000e-02 3.502249e-01 5.070206e-01
-1.900000e-01 8.500000e-02 3.513033e-01 5.079313e-01 -1.950000e-01 9.000000e-02 3.508148e-01 5.074617e-01
8.300000e-01 8.500000e-02 3.230470e-01 5.881960e-01 8.350000e-01 9.000000e-02 3.229295e-01 5.882202e-01
8.350000e-01 9.000000e-02 3.229295e-01 5.882202e-01 8.400000e-01 9.500000e-02 3.229233e-01 5.882455e-01
-2.050000e-01 1.000000e-01 3.496044e-01 5.064991e-01 -2.100000e-01 1.050000e-01 3.488835e-01 5.060105e-01
-2.000000e-01 9.500000e-02 3.502249e-01 5.070206e-01 -2.050000e-01 1.000000e-01 3.496044e-01 5.064991e-01
8.400000e-01 9.500000e-02 3.229233e-01 5.882455e-01 8.450000e-01 1.000000e-01 3.229210e-01 5.881659e-01
8.450000e-01 1.000000e-01 3.229210e-01 5.881659e-01 8.500000e-01 1.050000e-01 3.230306e-01 5.880928e-01
-2.100000e-01 1.050000e-01 3.488835e-01 5.060105e-01 -2.100000e-01 1.150000e-01 3.536997e-01 5.096947e-01
8.500000e-01 1.050000e-01 3.230306e-01 5.880928e-01 8.550000e-01 1.100000e-01 3.231496e-01 5.879162e-01
8.550000e-01 1.100000e-01 3.231496e-01 5.879162e-01 8.600000e-01 1.150000e-01 3.233807e-01 5.877518e-01
-2.150000e-01 1.200000e-01 3.529062e-01 5.090524e-01 -2.200000e-01 1.250000e-01 3.520128e-01 5.084499e-01
-2.100000e-01 1.150000e-01 3.536997e-01 5.096947e-01 -2.150000e-01 1.200000e-01 3.529062e-01 5.090524e-01
8.600000e-01 1.150000e-01 3.233807e-01 5.877518e-01 8.650000e-01 1.200000e-01 3.236266e-01 5.874857e-01
8.650000e-01 1.200000e-01 3.236266e-01 5.874857e-01 8.700000e-01 1.250000e-01 3.239844e-01 5.872372e-01
-2.200000e-01 1.250000e-01 3.520128e-01 5.084499e-01 -2.200000e-01 1.350000e-01 3.567499e-01 5.118359e-01
8.700000e-01 1.250000e-01 3.239844e-01 5.872372e-01 8.750000e-01 1.300000e-01 3.243624e-01 5.868891e-01
8.750000e-01 1.300000e-01 3.243624e-01 5.868891e-01 8.800000e-01 1.350000e-01 3.248515e-01 5.865640e-01
-2.250000e-01 1.400000e-01 3.557698e-01 5.110887e-01 -2.300000e-01 1.450000e-01 3.546913e-01 5.103882e-01
-2.200000e-01 1.350000e-01 3.567499e-01 5.118359e-01 -2.250000e-01 1.400000e-01 3.557698e-01 5.110887e-01
8.800000e-01 1.350000e-01 3.248515e-01 5.865640e-01 8.800000e-01 1.450000e-01 3.199419e-01 5.906291e-01
-2.300000e-01 1.450000e-01 3.546913e-01 5.103882e-01 -2.300000e-01 1.550000e-01 3.593258e-01 5.134855e-01
8.800000e-01 1.450000e-01 3.199419e-01 5.906291e-01 8.850000e-01 1.500000e-01 3.204854e-01 5.901096e-01
8.850000e-01 1.500000e-01 3.204854e-01 5.901096e-01 8.900000e-01 1.550000e-01 3.211405e-01 5.896216e-01
-2.350000e-01 1.600000e-01 3.581471e-01 5.126506e-01 -2.400000e-01 1.650000e-01 3.568721e-01 5.118691e-01
-2.300000e-01 1.550000e-01 3.593258e-01 5.134855e-01 -2.350000e-01 1.600000e-01 3.581471e-01 5.126506e-01
8.900000e-01 1.550000e-01 3.211405e-01 5.896216e-01 8.950000e-01 1.600000e-01 3.218296e-01 5.890393e-01
8.950000e-01 1.600000e-01 3.218296e-01 5.890393e-01 9.000000e-01 1.650000e-01 3.226285e-01 5.884935e-01
-2.400000e-01 1.650000e-01 3.568721e-01 5.118691e-01 -2.400000e-01 1.750000e-01 3.613808e-01 5.146900e-01
9.000000e-01 1.650000e-01 3.226285e-01 5.884935e-01 9.050000e-01 1.700000e-01 3.234663e-01 5.878570e-01
9.050000e-01 1.700000e-01 3.234663e-01 5.878570e-01 9.100000e-01 1.750000e-01 3.244120e-01 5.872616e-01
-2.450000e-01 1.800000e-01 3.599931e-01 5.137859e-01 -2.500000e-01 1.850000e-01 3.585120e-01 5.129411e-01
-2.400000e-01 1.750000e-01 3.613808e-01 5.146900e-01 -2.450000e-01 1.800000e-01 3.599931e-01 5.137859e-01
9.100000e-01 1.750000e-01 3.244120e-01 5.872616e-01 9.100000e-01 1.850000e-01 3.197093e-01 5.905994e-01
-2.500000e-01 1.850000e-01 3.585120e-01 5.129411e-01 -2.500000e-01 1.950000e-01 3.628727e-01 5.155004e-01
9.100000e-01 1.850000e-01 3.197093e-01 5.905994e-01 9.150000e-01 1.900000e-01 3.207455e-01 5.898308e-01
9.150000e-01 1.900000e-01 3.207455e-01 5.898308e-01 9.200000e-01 1.950000e-01 3.218877e-01 5.891115e-01
-2.550000e-01 2.000000e-01 3.612672e-01 5.145462e-01 -2.600000e-01 2.050000e-01 3.595719e-01 5.136569e-01
-2.500000e-01 1.950000e-01 3.628727e-01 5.155004e-01 -2.550000e-01 2.000000e-01 3.612672e-01 5.145462e-01
9.200000e-01 1.950000e-01 3.218877e-01 5.891115e-01 9.200000e-01 2.050000e-01 3.172908e-01 5.921052e-01
-2.600000e-01 2.050000e-01 3.595719e-01 5.136569e-01 -2.600000e-01 2.150000e-01 3.637635e-01 5.159717e-01
9.200000e-01 2.050000e-01 3.172908e-01 5.921052e-01 9.250000e-01 2.100000e-01 3.185393e-01 5.912228e-01
9.250000e-01 2.100000e-01 3.185393e-01 5.912228e-01 9.300000e-01 2.150000e-01 3.198911e-01 5.903974e-01
-2.600000e-01 2.150000e-01 3.637635e-01 5.159717e-01 -2.600000e-01 2.250000e-01 3.679082e-01 5.181468e-01
9.300000e-01 2.150000e-01 3.198911e-01 5.903974e-01 9.350000e-01 2.200000e-01 3.213019e-01 5.894958e-01
9.350000e-01 2.200000e-01 3.213019e-01 5.894958e-01 9.400000e-01 2.250000e-01 3.228125e-01 5.886549e-01
-2.650000e-01 2.300000e-01 3.660067e-01 5.171183e-01 -2.700000e-01 2.350000e-01 3.640207e-01 5.161622e-01
-2.600000e-01 2.250000e-01 3.679082e-01 5.181468e-01 -2.650000e-01 2.300000e-01 3.660067e-01 5.171183e-01
9.400000e-01 2.250000e-01 3.228125e-01 5.886549e-01 9.400000e-01 2.350000e-01 3.184733e-01 5.911691e-01
-2.700000e-01 2.350000e-01 3.640207e-01 5.161622e-01 -2.700000e-01 2.450000e-01 3.679666e-01 5.181178e-01
9.400000e-01 2.350000e-01 3.184733e-01 5.911691e-01 9.450000e-01 2.400000e-01 3.201121e-01 5.901875e-01
9.450000e-01 2.400000e-01 3.201121e-01 5.901875e-01 9.500000e-01 2.450000e-01 3.218465e-01 5.892733e-01
-2.700000e-01 2.450000e-01 3.679666e-01 5.181178e-01 -2.700000e-01 2.550000e-01 3.718514e-01 5.199402e-01
9.500000e-01 2.450000e-01 3.218465e-01 5.892733e-01 9.500000e-01 2.550000e-01 3.176804e-01 5.914822e-01
-2.750000e-01 2.600000e-01 3.696384e-01 5.188761e-01 -2.800000e-01 2.650000e-01 3.673473e-01 5.178908e-01
-2.700000e-01 2.550000e-01 3.718514e-01 5.199402e-01 -2.750000e-01 2.600000e-01 3.696384e-01 5.188761e-01
9.500000e-01 2.550000e-01 3.176804e-01 5.914822e-01 9.550000e-01 2.600000e-01 3.195558e-01 5.904420e-01
9.550000e-01 2.600000e-01 3.195558e-01 5.904420e-01 9.600000e-01 2.650000e-01 3.215220e-01 5.894752e-01
-2.800000e-01 2.650000e-01 3.673473e-01 5.178908e-01 -2.800000e-01 2.750000e-01 3.710066e-01 5.195232e-01
9.600000e-01 2.650000e-01 3.215220e-01 5.894752e-01 9.600000e-01 2.750000e-01 3.175532e-01 5.913972e-01
-2.800000e-01 2.750000e-01 3.710066e-01 5.195232e-01 -2.800000e-01 2.850000e-01 3.745908e-01 5.210313e-01
9.600000e-01 2.750000e-01 3.175532e-01 5.913972e-01 9.650000e-01 2.800000e-01 3.196717e-01 5.903206e-01
9.650000e-01 2.800000e-01 3.196717e-01 5.903206e-01 9.700000e-01 2.850000e-01 3.218753e-01 5.893226e-01
-2.800000e-01 2.850000e-01 3.745908e-01 5.210313e-01 -2.800000e-01 2.950000e-01 3.780955e-01 5.224169e-01
9.700000e-01 2.850000e-01 3.218753e-01 5.893226e-01 9.700000e-01 2.950000e-01 3.181261e-01 5.909793e-01
-2.850000e-01 3.000000e-01 3.754754e-01 5.213397e-01 -2.900000e-01 3.050000e-01 3.727867e-01 5.203479e-01
-2.800000e-01 2.950000e-01 3.780955e-01 5.224169e-01 -2.850000e-01 3.000000e-01 3.754754e-01 5.213397e-01
9.700000e-01 2.950000e-01 3.181261e-01 5.909793e-01 9.750000e-01 3.000000e-01 3.204916e-01 5.898886e-01
9.750000e-01 3.000000e-01 3.204916e-01 5.898886e-01 9.800000e-01 3.050000e-01 3.229360e-01 5.888809e-01
-2.900000e-01 3.050000e-01 3.727867e-01 5.203479e-01 -2.900000e-01 3.150000e-01 3.760347e-01 5.215861e-01
9.800000e-01 3.050000e-01 3.229360e-01 5.888809e-01 9.800000e-01 3.150000e-01 3.194266e-01 5.902964e-01
-2.900000e-01 3.150000e-01 3.760347e-01 5.215861e-01 -2.900000e-01 3.250000e-01 3.791903e-01 5.227139e-01
9.800000e-01 3.150000e-01 3.194266e-01 5.902964e-01 9.850000e-01 3.200000e-01 3.220407e-01 5.892142e-01
9.850000e-01 3.200000e-01 3.220407e-01 5.892142e-01 9.900000e-01 3.250000e-01 3.247269e-01 5.882183e-01
-2.900000e-01 3.250000e-01 3.791903e-01 5.227139e-01 -2.900000e-01 3.350000e-01 3.822495e-01 5.237341e-01
9.900000e-01 3.250000e-01 3.247269e-01 5.882183e-01 9.900000e-01 3.350000e-01 3.214748e-01 5.894186e-01
-2.900000e-01 3.350000e-01 3.822495e-01 5.237341e-01 -2.900000e-01 3.450000e-01 3.852078e-01 5.246499e-01
9.900000e-01 3.350000e-01 3.214748e-01 5.894186e-01 9.950000e-01 3.400000e-01 3.243366e-01 5.883668e-01
9.950000e-01 3.400000e-01 3.243366e-01 5.883668e-01 1.000000e+00 3.450000e-01 3.272637e-01 5.874040e-01
-2.950000e-01 3.500000e-01 3.820777e-01 5.236311e-01 -3.000000e-01 3.550000e-01 3.788923e-01 5.227027e-01
-2.900000e-01 3.450000e-01 3.852078e-01 5.246499e-01 -2.950000e-01 3.500000e-01 3.820777e-01 5.236311e-01
1.000000e+00 3.450000e-01 3.272637e-01 5.874040e-01 1.000000e+00 3.550000e-01 3.242836e-01 5.884168e-01
-3.000000e-01 3.550000e-01 3.788923e-01 5.227027e-01 -3.000000e-01 3.650000e-01 3.815636e-01 5.235308e-01
1.000000e+00 3.550000e-01 3.242836e-01 5.884168e-01 1.000000e+00 3.650000e-01 3.214051e-01 5.892949e-01
-3.000000e-01 3.650000e-01 3.815636e-01 5.235308e-01 -3.000000e-01 3.750000e-01 3.841239e-01 5.242696e-01
1.000000e+00 3.650000e-01 3.214051e-01 5.892949e-01 1.005000e+00 3.700000e-01 3.246039e-01 5.882823e-01
1.005000e+00 3.700000e-01 3.246039e-01 5.882823e-01 1.010000e+00 3.750000e-01 3.278582e-01 5.873617e-01
-3.000000e-01 3.750000e-01 3.841239e-01 5.242696e-01 -3.000000e-01 3.850000e-01 3.865695e-01 5.249232e-01
1.010000e+00 3.750000e-01 3.278582e-01 5.873617e-01 1.010000e+00 3.850000e-01 3.252716e-01 5.880920e-01
-3.000000e-01 3.850000e-01 3.865695e-01 5.249232e-01 -3.000000e-01 3.950000e-01 3.888968e-01 5.254961e-01
1.010000e+00 3.850000e-01 3.252716e-01 5.880920e-01 1.010000e+00 3.950000e-01 3.227995e-01 5.887018e-01
-3.000000e-01 3.950000e-01 3.888968e-01 5.254961e-01 -3.000000e-01 4.050000e-01 3.911024e-01 5.259927e-01
1.010000e+00 3.950000e-01 3.227995e-01 5.887018e-01 1.015000e+00 4.000000e-01 3.263317e-01 5.877721e-01
1.015000e+00 4.000000e-01 3.263317e-01 5.877721e-01 1.020000e+00 4.050000e-01 3.299095e-01 5.869353e-01
-3.000000e-01 4.050000e-01 3.911024e-01 5.259927e-01 -3.000000e-01 4.150000e-01 3.931829e-01 5.264179e-01
1.020000e+00 4.050000e-01 3.299095e-01 5.869353e-01 1.020000e+00 4.150000e-01 3.277434e-01 5.874398e-01
-3.000000e-01 4.150000e-01 3.931829e-01 5.264179e-01 -3.000000e-01 4.250000e-01 3.951352e-01 5.267765e-01
1.020000e+00 4.150000e-01 3.277434e-01 5.874398e-01 1.020000e+00 4.250000e-01 3.257026e-01 5.878400e-01
-3.000000e-01 4.250000e-01 3.951352e-01 5.267765e-01 -3.000000e-01 4.350000e-01 3.969565e-01 5.270738e-01
1.020000e+00 4.250000e-01 3.257026e-01 5.878400e-01 1.025000e+00 4.300000e-01 3.295584e-01 5.870347e-01
1.025000e+00 4.300000e-01 3.295584e-01 5.870347e-01 1.030000e+00 4.350000e-01 3.334495e-01 5.863215e-01
-3.000000e-01 4.350000e-01 3.969565e-01 5.270738e-01 -3.000000e-01 4.450000e-01 3.986439e-01 5.273151e-01
1.030000e+00 4.350000e-01 3.334495e-01 5.863215e-01 1.030000e+00 4.450000e-01 3.317226e-01 5.866601e-01
-3.000000e-01 4.450000e-01 3.986439e-01 5.273151e-01 -3.000000e-01 4.550000e-01 4.001950e-01 5.275058e-01
1.030000e+00 4.450000e-01 3.317226e-01 5.866601e-01 1.030000e+00 4.550000e-01 3.301293e-01 5.869122e-01
-3.000000e-01 4.550000e-01 4.001950e-01 5.275058e-01 -3.000000e-01 4.650000e-01 4.016072e-01 5.276517e-01
1.030000e+00 4.550000e-01 3.301293e-01 5.869122e-01 1.030000e+00 4.650000e-01 3.286729e-01 5.870829e-01
-3.000000e-01 4.650000e-01 4.016072e-01 5.276517e-01 -3.000000e-01 4.750000e-01 4.028789e-01 5.277585e-01
1.030000e+00 4.650000e-01 3.286729e-01 5.870829e-01 1.035000e+00 4.700000e-01 3.329271e-01 5.864722e-01
1.035000e+00 4.700000e-01 3.329271e-01 5.864722e-01 1.040000e+00 4.750000e-01 3.372043e-01 5.859505e-01
-3.000000e-01 4.750000e-01 4.028789e-01 5.277585e-01 -3.000000e-01 4.850000e-01 4.040079e-01 5.278321e-01
1.040000e+00 4.750000e-01 3.372043e-01 5.859505e-01 1.040000e+00 4.850000e-01 3.360654e-01 5.861170e-01
-3.000000e-01 4.850000e-01 4.040079e-01 5.278321e-01 -3.000000e-01 4.950000e-01 4.049928e-01 5.278786e-01
1.040000e+00 4.850000e-01 3.360654e-01 5.861170e-01 1.040000e+00 4.950000e-01 3.350685e-01 5.862212e-01
-3.000000e-01 4.950000e-01 4.049928e-01 5.278786e-01 -3.000000e-01 5.050000e-01 4.058322e-01 5.279040e-01
1.040000e+00 4.950000e-01 3.350685e-01 5.862212e-01 1.040000e+00 5.050000e-01 3.342157e-01 5.862689e-01
-3.000000e-01 5.050000e-01 4.058322e-01 5.279040e-01 -3.000000e-01 5.150000e-01 4.065251e-01 5.279145e-01
1.040000e+00 5.050000e-01 3.342157e-01 5.862689e-01 1.040000e+00 5.150000e-01 3.335093e-01 5.862658e-01
-3.000000e-01 5.150000e-01 4.065251e-01 5.279145e-01 -3.000000e-01 5.250000e-01 4.070707e-01 5.279162e-01
1.040000e+00 5.150000e-01 3.335093e-01 5.862658e-01 1.045000e+00 5.200000e-01 3.382144e-01 5.859630e-01
1.045000e+00 5.200000e-01 3.382144e-01 5.859630e-01 1.050000e+00 5.250000e-01 3.429283e-01 5.857417e-01
-3.000000e-01 5.250000e-01 4.070707e-01 5.279162e-01 -3.000000e-01 5.350000e-01 4.074685e-01 5.279156e-01
1.050000e+00 5.250000e-01 3.429283e-01 5.857417e-01 1.050000e+00 5.350000e-01 3.425318e-01 5.858039e-01
-3.000000e-01 5.350000e-01 4.074685e-01 5.279156e-01 -3.000000e-01 5.450000e-01 4.077183e-01 5.279187e-01
1.050000e+00 5.350000e-01 3.425318e-01 5.858039e-01 1.050000e+00 5.450000e-01 3.422821e-01 5.858350e-01
-3.000000e-01 5.450000e-01 4.077183e-01 5.279187e-01 -3.000000e-01 5.550000e-01 4.078201e-01 5.279318e-01
1.050000e+00 5.450000e-01 3.422821e-01 5.858350e-01 1.050000e+00 5.550000e-01 3.421799e-01 5.858413e-01
-3.000000e-01 5.550000e-01 4.078201e-01 5.279318e-01 -3.000000e-01 5.650000e-01 4.077742e-01 5.279612e-01
1.050000e+00 5.550000e-01 3.421799e-01 5.858413e-01 1.050000e+00 5.650000e-01 3.422262e-01 5.858289e-01
-3.000000e-01 5.650000e-01 4.077742e-01 5.279612e-01 -3.000000e-01 5.750000e-01 4.075813e-01 5.280130e-01
1.050000e+00 5.650000e-01 3.422262e-01 5.858289e-01 1.050000e+00 5.750000e-01 3.424213e-01 5.858041e-01
-3.000000e-01 5.750000e-01 4.075813e-01 5.280130e-01 -2.950000e-01 5.800000e-01 4.124056e-01 5.278836e-01
-2.950000e-01 5.800000e-01 4.124056e-01 5.278836e-01 -2.900000e-01 5.850000e-01 4.172246e-01 5.276753e-01
1.050000e+00 5.750000e-01 3.424213e-01 5.858041e-01 1.050000e+00 5.850000e-01 3.427653e-01 5.857731e-01
-2.900000e-01 5.850000e-01 4.172246e-01 5.276753e-01 -2.900000e-01 5.950000e-01 4.167259e-01 5.276435e-01
1.050000e+00 5.850000e-01 3.427653e-01 5.857731e-01 1.050000e+00 5.950000e-01 3.432582e-01 5.857422e-01
-2.900000e-01 5.950000e-01 4.167259e-01 5.276435e-01 -2.900000e-01 6.050000e-01 4.160792e-01 5.276537e-01
1.050000e+00 5.950000e-01 3.432582e-01 5.857422e-01 1.050000e+00 6.050000e-01 3.438995e-01 5.857178e-01
-2.900000e-01 6.050000e-01 4.160792e-01 5.276537e-01 -2.900000e-01 6.150000e-01 4.152864e-01 5.277120e-01
1.050000e+00 6.050000e-01 3.438995e-01 5.857178e-01 1.055000e+00 6.100000e-01 3.492626e-01 5.861064e-01
1.055000e+00 6.100000e-01 3.492626e-01 5.861064e-01 1.060000e+00 6.150000e-01 3.546157e-01 5.865562e-01
-2.900000e-01 6.150000e-01 4.152864e-01 5.277120e-01 -2.900000e-01 6.250000e-01 4.143495e-01 5.278241e-01
1.060000e+00 6.150000e-01 3.546157e-01 5.865562e-01 1.060000e+00 6.250000e-01 3.555246e-01 5.867077e-01
-2.900000e-01 6.250000e-01 4.143495e-01 5.278241e-01 -2.900000e-01 6.350000e-01 4.132706e-01 5.279959e-01
1.060000e+00 6.250000e-01 3.555246e-01 5.867077e-01 1.060000e+00 6.350000e-01 3.565750e-01 5.868830e-01
-2.900000e-01 6.350000e-01 4.132706e-01 5.279959e-01 -2.850000e-01 6.400000e-01 4.175852e-01 5.275054e-01
-2.850000e-01 6.400000e-01 4.175852e-01 5.275054e-01 -2.800000e-01 6.450000e-01 4.218781e-01 5.269268e-01
1.060000e+00 6.350000e-01 3.565750e-01 5.868830e-01 1.060000e+00 6.450000e-01 3.577653e-01 5.870879e-01
-2.800000e-01 6.450000e-01 4.218781e-01 5.269268e-01 -2.800000e-01 6.550000e-01 4.204830e-01 5.270972e-01
1.060000e+00 6.450000e-01 3.577653e-01 5.870879e-01 1.060000e+00 6.550000e-01 3.590940e-01 5.873283e-01
-2.800000e-01 6.550000e-01 4.204830e-01 5.270972e-01 -2.800000e-01 6.650000e-01 4.189504e-01 5.273464e-01
1.060000e+00 6.550000e-01 3.590940e-01 5.873283e-01 1.060000e+00 6.650000e-01 3.605593e-01 5.876098e-01
-2.800000e-01 6.650000e-01 4.189504e-01 5.273464e-01 -2.800000e-01 6.750000e-01 4.172836e-01 5.276795e-01
1.060000e+00 6.650000e-01 3.605593e-01 5.876098e-01 1.060000e+00 6.750000e-01 3.621589e-01 5.879378e-01
-2.800000e-01 6.750000e-01 4.172836e-01 5.276795e-01 -2.750000e-01 6.800000e-01 4.212160e-01 5.269920e-01
-2.750000e-01 6.800000e-01 4.212160e-01 5.269920e-01 -2.700000e-01 6.850000e-01 4.251144e-01 5.262129e-01
1.060000e+00 6.750000e-01 3.621589e-01 5.879378e-01 1.060000e+00 6.850000e-01 3.638906e-01 5.883179e-01
-2.700000e-01 6.850000e-01 4.251144e-01 5.262129e-01 -2.700000e-01 6.950000e-01 4.231340e-01 5.266017e-01
1.055000e+00 6.900000e-01 3.600025e-01 5.876061e-01 1.050000e+00 6.950000e-01 3.561490e-01 5.868028e-01
1.060000e+00 6.850000e-01 3.638906e-01 5.883179e-01 1.055000e+00 6.900000e-01 3.600025e-01 5.876061e-01
-2.700000e-01 6.950000e-01 4.231340e-01 5.266017e-01 -2.700000e-01 7.050000e-01 4.210273e-01 5.270923e-01
1.050000e+00 6.950000e-01 3.561490e-01 5.868028e-01 1.050000e+00 7.050000e-01 3.581935e-01 5.871755e-01
-2.700000e-01 7.050000e-01 4.210273e-01 5.270923e-01 -2.650000e-01 7.100000e-01 4.246487e-01 5.262766e-01
-2.650000e-01 7.100000e-01 4.246487e-01 5.262766e-01 -2.600000e-01 7.150000e-01 4.282261e-01 5.253681e-01
1.050000e+00 7.050000e-01 3.581935e-01 5.871755e-01 1.050000e+00 7.150000e-01 3.603648e-01 5.876184e-01
-2.600000e-01 7.150000e-01 4.282261e-01 5.253681e-01 -2.600000e-01 7.250000e-01 4.258128e-01 5.259580e-01
1.050000e+00 7.150000e-01 3.603648e-01 5.876184e-01 1.050000e+00 7.250000e-01 3.626598e-01 5.881365e-01
-2.600000e-01 7.250000e-01 4.258128e-01 5.259580e-01 -2.600000e-01 7.350000e-01 4.232837e-01 5.266662e-01
1.050000e+00 7.250000e-01 3.626598e-01 5.881365e-01 1.050000e+00 7.350000e-01 3.650749e-01 5.887345e-01
-2.600000e-01 7.350000e-01 4.232837e-01 5.266662e-01 -2.550000e-01 7.400000e-01 4.265835e-01 5.257613e-01
-2.550000e-01 7.400000e-01 4.265835e-01 5.257613e-01 -2.500000e-01 7.450000e-01 4.298292e-01 5.247646e-01
1.050000e+00 7.350000e-01 3.650749e-01 5.887345e-01 1.050000e+00 7.450000e-01 3.676067e-01 5.894167e-01
-2.500000e-01 7.450000e-01 4.298292e-01 5.247646e-01 -2.500000e-01 7.550000e-01 4.270066e-01 5.256146e-01
1.050000e+00 7.450000e-01 3.676067e-01 5.894167e-01 1.050000e+00 7.550000e-01 3.702514e-01 5.901874e-01
-2.500000e-01 7.550000e-01 4.270066e-01 5.256146e-01 -2.500000e-01 7.650000e-01 4.240809e-01 5.265972e-01
1.050000e+00 7.550000e-01 3.702514e-01 5.901874e-01 1.050000e+00 7.650000e-01 3.730051e-01 5.910507e-01
-2.500000e-01 7.650000e-01 4.240809e-01 5.265972e-01 -2.450000e-01 7.700000e-01 4.270543e-01 5.256447e-01
-2.450000e-01 7.700000e-01 4.270543e-01 5.256447e-01 -2.400000e-01 7.750000e-01 4.299640e-01 5.246030e-01
1.050000e+00 7.650000e-01 3.730051e-01 5.910507e-01 1.050000e+00 7.750000e-01 3.758640e-01 5.920102e-01
-2.400000e-01 7.750000e-01 4.299640e-01 5.246030e-01 -2.400000e-01 7.850000e-01 4.267639e-01 5.257675e-01
1.045000e+00 7.800000e-01 3.728340e-01 5.910601e-01 1.040000e+00 7.850000e-01 3.698637e-01 5.900210e-01
1.050000e+00 7.750000e-01 3.758640e-01 5.920102e-01 1.045000e+00 7.800000e-01 3.728340e-01 5.910601e-01
-2.400000e-01 7.850000e-01 4.267639e-01 5.257675e-01 -2.350000e-01 7.900000e-01 4.294971e-01 5.247780e-01
-2.350000e-01 7.900000e-01 4.294971e-01 5.247780e-01 -2.300000e-01 7.950000e-01 4.321596e-01 5.237017e-01
1.040000e+00 7.850000e-01 3.698637e-01 5.900210e-01 1.040000e+00 7.950000e-01 3.730003e-01 5.910877e-01
-2.300000e-01 7.950000e-01 4.321596e-01 5.237017e-01 -2.300000e-01 8.050000e-01 4.286993e-01 5.250761e-01
1.040000e+00 7.950000e-01 3.730003e-01 5.910877e-01 1.040000e+00 8.050000e-01 3.762311e-01 5.922647e-01
-2.300000e-01 8.050000e-01 4.286993e-01 5.250761e-01 -2.250000e-01 8.100000e-01 4.311909e-01 5.240706e-01
-2.250000e-01 8.100000e-01 4.311909e-01 5.240706e-01 -2.200000e-01 8.150000e-01 4.336049e-01 5.229815e-01
1.040000e+00 8.050000e-01 3.762311e-01 5.922647e-01 1.040000e+00 8.150000e-01 3.795516e-01 5.935549e-01
-2.200000e-01 8.150000e-01 4.336049e-01 5.229815e-01 -2.200000e-01 8.250000e-01 4.299014e-01 5.245922e-01
1.035000e+00 8.200000e-01 3.769294e-01 5.925553e-01 1.030000e+00 8.250000e-01 3.743776e-01 5.914711e-01
1.040000e+00 8.150000e-01 3.795516e-01 5.935549e-01 1.035000e+00 8.200000e-01 3.769294e-01 5.925553e-01
-2.200000e-01 8.250000e-01 4.299014e-01 5.245922e-01 -2.150000e-01 8.300000e-01 4.321519e-01 5.235923e-01
-2.150000e-01 8.300000e-01 4.321519e-01 5.235923e-01 -2.100000e-01 8.350000e-01 4.343185e-01 5.225129e-01
1.030000e+00 8.250000e-01 3.743776e-01 5.914711e-01 1.030000e+00 8.350000e-01 3.779506e-01 5.929161e-01
-2.100000e-01 8.350000e-01 4.343185e-01 5.225129e-01 -2.100000e-01 8.450000e-01 4.303915e-01 5.243843e-01
1.030000e+00 8.350000e-01 3.779506e-01 5.929161e-01 1.030000e+00 8.450000e-01 3.816004e-01 5.944857e-01
-2.100000e-01 8.450000e-01 4.303915e-01 5.243843e-01 -2.050000e-01 8.500000e-01 4.324039e-01 5.234115e-01
-2.050000e-01 8.500000e-01 4.324039e-01 5.234115e-01 -2.000000e-01 8.550000e-01 4.343266e-01 5.223642e-01
1.030000e+00 8.450000e-01 3.816004e-01 5.944857e-01 1.030000e+00 8.550000e-01 3.853226e-01 5.961818e-01
-2.000000e-01 8.550000e-01 4.343266e-01 5.223642e-01 -2.000000e-01 8.650000e-01 4.301980e-01 5.245183e-01
1.025000e+00 8.600000e-01 3.830958e-01 5.951992e-01 1.020000e+00 8.650000e-01 3.809485e-01 5.941392e-01
1.030000e+00 8.550000e-01 3.853226e-01 5.961818e-01 1.025000e+00 8.600000e-01 3.830958e-01 5.951992e-01
-2.000000e-01 8.650000e-01 4.301980e-01 5.245183e-01 -1.950000e-01 8.700000e-01 4.319776e-01 5.235940e-01
-1.950000e-01 8.700000e-01 4.319776e-01 5.235940e-01 -1.900000e-01 8.750000e-01 4.336622e-01 5.226011e-01
1.020000e+00 8.650000e-01 3.809485e-01 5.941392e-01 1.020000e+00 8.750000e-01 3.848908e-01 5.960317e-01
-1.900000e-01 8.750000e-01 4.336622e-01 5.226011e-01 -1.900000e-01 8.850000e-01 4.293558e-01 5.250571e-01
1.020000e+00 8.750000e-01 3.848908e-01 5.960317e-01 1.020000e+00 8.850000e-01 3.888914e-01 5.980590e-01
-1.900000e-01 8.850000e-01 4.293558e-01 5.250571e-01 -1.850000e-01 8.900000e-01 4.309099e-01 5.242019e-01
-1.850000e-01 8.900000e-01 4.309099e-01 5.242019e-01 -1.800000e-01 8.950000e-01 4.323649e-01 5.232849e-01
1.015000e+00 8.900000e-01 3.869671e-01 5.971136e-01 1.010000e+00 8.950000e-01 3.851286e-01 5.960973e-01
1.020000e+00 8.850000e-01 3.888914e-01 5.980590e-01 1.015000e+00 8.900000e-01 3.869671e-01 5.971136e-01
-1.800000e-01 8.950000e-01 4.323649e-01 5.232849e-01 -1.800000e-01 9.050000e-01 4.279060e-01 5.260591e-01
1.010000e+00 8.950000e-01 3.851286e-01 5.960973e-01 1.010000e+00 9.050000e-01 3.893220e-01 5.983497e-01
-1.800000e-01 9.050000e-01 4.279060e-01 5.260591e-01 -1.750000e-01 9.100000e-01 4.292442e-01 5.252931e-01
-1.750000e-01 9.100000e-01 4.292442e-01 5.252931e-01 -1.700000e-01 9.150000e-01 4.304799e-01 5.244725e-01
1.010000e+00 9.050000e-01 3.893220e-01 5.983497e-01 1.010000e+00 9.150000e-01 3.935591e-01 6.007429e-01
-1.700000e-01 9.150000e-01 4.304799e-01 5.244725e-01 -1.650000e-01 9.200000e-01 4.316629e-01 5.237327e-01
-1.650000e-01 9.200000e-01 4.316629e-01 5.237327e-01 -1.600000e-01 9.250000e-01 4.327402e-01 5.229422e-01
1.005000e+00 9.200000e-01 3.919221e-01 5.998719e-01 1.000000e+00 9.250000e-01 3.903758e-01 5.989376e-01
1.010000e+00 9.150000e-01 3.935591e-01 6.007429e-01 1.005000e+00 9.200000e-01 3.919221e-01 5.998719e-01
-1.600000e-01 9.250000e-01 4.327402e-01 5.229422e-01 -1.600000e-01 9.350000e-01 4.280573e-01 5.262144e-01
1.000000e+00 9.250000e-01 3.903758e-01 5.989376e-01 1.000000e+00 9.350000e-01 3.947757e-01 6.015798e-01
-1.600000e-01 9.350000e-01 4.280573e-01 5.262144e-01 -1.550000e-01 9.400000e-01 4.290411e-01 5.255953e-01
-1.550000e-01 9.400000e-01 4.290411e-01 5.255953e-01 -1.500000e-01 9.450000e-01 4.299174e-01 5.249333e-01
9.950000e-01 9.400000e-01 3.933502e-01 6.007586e-01 9.900000e-01 9.450000e-01 3.920188e-01 5.998799e-01
1.000000e+00 9.350000e-01 3.947757e-01 6.015798e-01 9.950000e-01 9.400000e-01 3.933502e-01 6.007586e-01
-1.500000e-01 9.450000e-01 4.299174e-01 5.249333e-01 -1.450000e-01 9.500000e-01 4.307533e-01 5.243613e-01
-1.450000e-01 9.500000e-01 4.307533e-01 5.243613e-01 -1.400000e-01 9.550000e-01 4.314794e-01 5.237512e-01
9.900000e-01 9.450000e-01 3.920188e-01 5.998799e-01 9.900000e-01 9.550000e-01 3.965601e-01 6.027875e-01
-1.400000e-01 9.550000e-01 4.314794e-01 5.237512e-01 -1.350000e-01 9.600000e-01 4.321700e-01 5.232347e-01
-1.350000e-01 9.600000e-01 4.321700e-01 5.232347e-01 -1.300000e-01 9.650000e-01 4.327490e-01 5.226850e-01
9.850000e-01 9.600000e-01 3.953376e-01 6.020345e-01 9.800000e-01 9.650000e-01 3.942119e-01 6.012302e-01
9.900000e-01 9.550000e-01 3.965601e-01 6.027875e-01 9.850000e-01 9.600000e-01 3.953376e-01 6.020345e-01
-1.300000e-01 9.650000e-01 4.327490e-01 5.226850e-01 -1.300000e-01 9.750000e-01 4.278474e-01 5.266807e-01
9.800000e-01 9.650000e-01 3.942119e-01 6.012302e-01 9.800000e-01 9.750000e-01 3.988721e-01 6.044174e-01
-1.300000e-01 9.750000e-01 4.278474e-01 5.266807e-01 -1.250000e-01 9.800000e-01 4.283687e-01 5.263243e-01
-1.250000e-01 9.800000e-01 4.283687e-01 5.263243e-01 -1.200000e-01 9.850000e-01 4.287788e-01 5.259434e-01
9.750000e-01 9.800000e-01 3.978425e-01 6.037502e-01 9.700000e-01 9.850000e-01 3.969116e-01 6.030384e-01
9.800000e-01 9.750000e-01 3.988721e-01 6.044174e-01 9.750000e-01 9.800000e-01 3.978425e-01 6.037502e-01
-1.200000e-01 9.850000e-01 4.287788e-01 5.259434e-01 -1.150000e-01 9.900000e-01 4.291670e-01 5.256616e-01
-1.150000e-01 9.900000e-01 4.291670e-01 5.256616e-01 -1.100000e-01 9.950000e-01 4.294431e-01 5.253605e-01
9.700000e-01 9.850000e-01 3.969116e-01 6.030384e-01 9.700000e-01 9.950000e-01 4.016675e-01 6.065164e-01
-1.100000e-01 9.950000e-01 4.294431e-01 5.253605e-01 -1.050000e-01 1.000000e+00 4.297028e-01 5.251609e-01
-1.050000e-01 1.000000e+00 4.297028e-01 5.251609e-01 -1.000000e-01 1.005000e+00 4.298499e-01 5.249475e-01
9.650000e-01 1.000000e+00 4.008191e-01 6.059517e-01 9.600000e-01 1.005000e+00 4.000706e-01 6.053491e-01
9.700000e-01 9.950000e-01 4.016675e-01 6.065164e-01 9.650000e-01 1.000000e+00 4.008191e-01 6.059517e-01
-1.000000e-01 1.005000e+00 4.298499e-01 5.249475e-01 -9.500000e-02 1.010000e+00 4.299860e-01 5.248374e-01
-9.500000e-02 1.010000e+00 4.299860e-01 5.248374e-01 -9.000000e-02 1.015000e+00 4.300098e-01 5.247191e-01
9.550000e-01 1.010000e+00 3.993579e-01 6.048240e-01 9.500000e-01 1.015000e+00 3.987463e-01 6.042653e-01
9.600000e-01 1.005000e+00 4.000706e-01 6.053491e-01 9.550000e-01 1.010000e+00 3.993579e-01 6.048240e-01
-9.000000e-02 1.015000e+00 4.300098e-01 5.247191e-01 -9.000000e-02 1.025000e+00 4.250121e-01 5.296899e-01
9.500000e-01 1.015000e+00 3.987463e-01 6.042653e-01 9.500000e-01 1.025000e+00 4.036388e-01 6.082020e-01
-9.000000e-02 1.025000e+00 4.250121e-01 5.296899e-01 -8.500000e-02 1.030000e+00 4.250276e-01 5.297799e-01
-8.500000e-02 1.030000e+00 4.250276e-01 5.297799e-01 -8.000000e-02 1.035000e+00 4.249340e-01 5.298699e-01
9.450000e-01 1.030000e+00 4.030873e-01 6.078053e-01 9.400000e-01 1.035000e+00 4.026369e-01 6.073823e-01
9.500000e-01 1.025000e+00 4.036388e-01 6.082020e-01 9.450000e-01 1.030000e+00 4.030873e-01 6.078053e-01
-8.000000e-02 1.035000e+00 4.249340e-01 5.298699e-01 -7.500000e-02 1.040000e+00 4.248430e-01 5.300642e-01
-7.500000e-02 1.040000e+00 4.248430e-01 5.300642e-01 -7.000000e-02 1.045000e+00 4.246439e-01 5.302639e-01
9.350000e-01 1.040000e+00 4.022107e-01 6.070434e-01 9.300000e-01 1.045000e+00 4.018860e-01 6.066825e-01
9.400000e-01 1.035000e+00 4.026369e-01 6.073823e-01 9.350000e-01 1.040000e+00 4.022107e-01 6.070434e-01
-7.000000e-02 1.045000e+00 4.246439e-01 5.302639e-01 -6.500000e-02 1.050000e+00 4.244530e-01 5.305685e-01
-6.500000e-02 1.050000e+00 4.244530e-01 5.305685e-01 -6.000000e-02 1.055000e+00 4.241553e-01 5.308840e-01
9.300000e-01 1.045000e+00 4.018860e-01 6.066825e-01 9.300000e-01 1.055000e+00 4.068538e-01 6.111019e-01
-6.000000e-02 1.055000e+00 4.241553e-01 5.308840e-01 -5.500000e-02 1.060000e+00 4.238713e-01 5.313042e-01
-5.500000e-02 1.060000e+00 4.238713e-01 5.313042e-01 -5.000000e-02 1.065000e+00 4.234824e-01 5.317407e-01
9.250000e-01 1.060000e+00 4.065655e-01 6.109140e-01 9.200000e-01 1.065000e+00 4.063772e-01 6.107117e-01
9.300000e-01 1.055000e+00 4.068538e-01 6.111019e-01 9.250000e-01 1.060000e+00 4.065655e-01 6.109140e-01
-5.000000e-02 1.065000e+00 4.234824e-01 5.317407e-01 -4.500000e-02 1.070000e+00 4.231123e-01 5.322818e-01
-4.500000e-02 1.070000e+00 4.231123e-01 5.322818e-01 -4.000000e-02 1.075000e+00 4.226397e-01 5.328444e-01
9.150000e-01 1.070000e+00 4.062012e-01 6.105979e-01 9.100000e-01 1.075000e+00 4.061250e-01 6.104742e-01
9.200000e-01 1.065000e+00 4.063772e-01 6.107117e-01 9.150000e-01 1.070000e+00 4.062012e-01 6.105979e-01
-4.000000e-02 1.075000e+00 4.226397e-01 5.328444e-01 -3.500000e-02 1.080000e+00 4.221912e-01 5.335109e-01
-3.500000e-02 1.080000e+00 4.221912e-01 5.335109e-01 -3.000000e-02 1.085000e+00 4.216426e-01 5.342040e-01
9.050000e-01 1.080000e+00 4.060562e-01 6.104407e-01 9.000000e-01 1.085000e+00 4.060866e-01 6.104022e-01
9.100000e-01 1.075000e+00 4.061250e-01 6.104742e-01 9.050000e-01 1.080000e+00 4.060562e-01 6.104407e-01
-3.000000e-02 1.085000e+00 4.216426e-01 5.342040e-01 -2.500000e-02 1.090000e+00 4.211231e-01 5.349999e-01
-2.500000e-02 1.090000e+00 4.211231e-01 5.349999e-01 -1.500000e-02 1.090000e+00 4.246779e-01 5.302118e-01
-1.500000e-02 1.090000e+00 4.246779e-01 5.302118e-01 -1.000000e-02 1.095000e+00 4.239642e-01 5.310741e-01
8.950000e-01 1.090000e+00 4.061198e-01 6.104556e-01 8.900000e-01 1.095000e+00 4.062511e-01 6.105086e-01
9.000000e-01 1.085000e+00 4.060866e-01 6.104022e-01 8.950000e-01 1.090000e+00 4.061198e-01 6.104556e-01
-1.000000e-02 1.095000e+00 4.239642e-01 5.310741e-01 -5.000000e-03 1.100000e+00 4.232879e-01 5.320393e-01
-5.000000e-03 1.100000e+00 4.232879e-01 5.320393e-01 1.066855e-16 1.105000e+00 4.225179e-01 5.330441e-01
8.850000e-01 1.100000e+00 4.063805e-01 6.106546e-01 8.800000e-01 1.105000e+00 4.066068e-01 6.108051e-01
8.900000e-01 1.095000e+00 4.062511e-01 6.105086e-01 8.850000e-01 1.100000e+00 4.063805e-01 6.106546e-01
1.066855e-16 1.105000e+00 4.225179e-01 5.330441e-01 5.000000e-03 1.110000e+00 4.217900e-01 5.341497e-01
5.000000e-03 1.110000e+00 4.217900e-01 5.341497e-01 1.000000e-02 1.115000e+00 4.209724e-01 5.352995e-01
8.750000e-01 1.110000e+00 4.068263e-01 6.110495e-01 8.700000e-01 1.115000e+00 4.071411e-01 6.113031e-01
8.800000e-01 1.105000e+00 4.066068e-01 6.108051e-01 8.750000e-01 1.110000e+00 4.068263e-01 6.110495e-01
1.000000e-02 1.115000e+00 4.209724e-01 5.352995e-01 1.500000e-02 1.120000e+00 4.202010e-01 5.365478e-01
1.500000e-02 1.120000e+00 4.202010e-01 5.365478e-01 2.000000e-02 1.125000e+00 4.193441e-01 5.378444e-01
8.650000e-01 1.120000e+00 4.074443e-01 6.116511e-01 8.600000e-01 1.125000e+00 4.078408e-01 6.120131e-01
8.700000e-01 1.115000e+00 4.071411e-01 6.113031e-01 8.650000e-01 1.120000e+00 4.074443e-01 6.116511e-01
2.000000e-02 1.125000e+00 4.193441e-01 5.378444e-01 2.500000e-02 1.130000e+00 4.185377e-01 5.392370e-01
2.500000e-02 1.130000e+00 4.185377e-01 5.392370e-01 3.000000e-02 1.135000e+00 4.176501e-01 5.406818e-01
8.550000e-01 1.130000e+00 4.082211e-01 6.124697e-01 8.500000e-01 1.135000e+00 4.086925e-01 6.129449e-01
8.600000e-01 1.125000e+00 4.078408e-01 6.120131e-01 8.550000e-01 1.130000e+00 4.082211e-01 6.124697e-01
3.000000e-02 1.135000e+00 4.176501e-01 5.406818e-01 3.500000e-02 1.140000e+00 4.168166e-01 5.422199e-01
3.500000e-02 1.140000e+00 4.168166e-01 5.422199e-01 4.500000e-02 1.140000e+00 4.193177e-01 5.378981e-01
4.500000e-02 1.140000e+00 4.193177e-01 5.378981e-01 5.000000e-02 1.145000e+00 4.183326e-01 5.395514e-01
8.450000e-01 1.140000e+00 4.091430e-01 6.135147e-01 8.400000e-01 1.145000e+00 4.096819e-01 6.141075e-01
8.500000e-01 1.135000e+00 4.086925e-01 6.129449e-01 8.450000e-01 1.140000e+00 4.091430e-01 6.135147e-01
5.000000e-02 1.145000e+00 4.183326e-01 5.395514e-01 5.500000e-02 1.150000e+00 4.174083e-01 5.412945e-01
5.500000e-02 1.150000e+00 4.174083e-01 5.412945e-01 6.000000e-02 1.155000e+00 4.164140e-01 5.431001e-01
8.350000e-01 1.150000e+00 4.101956e-01 6.147944e-01 8.300000e-01 1.155000e+00 4.107948e-01 6.155088e-01
8.400000e-01 1.145000e+00 4.096819e-01 6.141075e-01 8.350000e-01 1.150000e+00 4.101956e-01 6.147944e-01
6.000000e-02 1.155000e+00 4.164140e-01 5.431001e-01 6.500000e-02 1.160000e+00 4.154835e-01 5.449922e-01
6.500000e-02 1.160000e+00 4.154835e-01 5.449922e-01 7.500000e-02 1.160000e+00 4.175287e-01 5.409555e-01
7.500000e-02 1.160000e+00 4.175287e-01 5.409555e-01 8.000000e-02 1.165000e+00 4.164702e-01 5.429814e-01
8.250000e-01 1.160000e+00 4.113644e-01 6.163166e-01 8.200000e-01 1.165000e+00 4.120163e-01 6.171560e-01
8.300000e-01 1.155000e+00 4.107948e-01 6.155088e-01 8.250000e-01 1.160000e+00 4.113644e-01 6.163166e-01
8.000000e-02 1.165000e+00 4.164702e-01 5.429814e-01 8.500000e-02 1.170000e+00 4.154815e-01 5.450895e-01
8.500000e-02 1.170000e+00 4.154815e-01 5.450895e-01 9.000000e-02 1.175000e+00 4.144352e-01 5.472684e-01
8.150000e-01 1.170000e+00 4.126345e-01 6.180878e-01 8.100000e-01 1.175000e+00 4.133317e-01 6.190553e-01
8.200000e-01 1.165000e+00 4.120163e-01 6.171560e-01 8.150000e-01 1.170000e+00 4.126345e-01 6.180878e-01
9.000000e-02 1.175000e+00 4.144352e-01 5.472684e-01 9.500000e-02 1.180000e+00 4.134607e-01 5.495256e-01
9.500000e-02 1.180000e+00 4.134607e-01 5.495256e-01 1.050000e-01 1.180000e+00 4.151075e-01 5.458248e-01
1.050000e-01 1.180000e+00 4.151075e-01 5.458248e-01 1.100000e-01 1.185000e+00 4.140314e-01 5.482303e-01
7.950000e-01 1.180000e+00 4.108168e-01 6.154695e-01 7.900000e-01 1.185000e+00 4.116260e-01 6.166101e-01
7.950000e-01 1.180000e+00 4.108168e-01 6.154695e-01 8.050000e-01 1.180000e+00 4.139911e-01 6.201137e-01
8.100000e-01 1.175000e+00 4.133317e-01 6.190553e-01 8.050000e-01 1.180000e+00 4.139911e-01 6.201137e-01
1.100000e-01 1.185000e+00 4.140314e-01 5.482303e-01 1.150000e-01 1.190000e+00 4.130316e-01 5.507088e-01
1.150000e-01 1.190000e+00 4.130316e-01 5.507088e-01 1.250000e-01 1.190000e+00 4.144244e-01 5.472278e-01
1.250000e-01 1.190000e+00 4.144244e-01 5.472278e-01 1.300000e-01 1.195000e+00 4.133397e-01 5.498629e-01
7.850000e-01 1.190000e+00 4.123909e-01 6.178407e-01 7.800000e-01 1.195000e+00 4.132260e-01 6.191174e-01
7.900000e-01 1.185000e+00 4.116260e-01 6.166101e-01 7.850000e-01 1.190000e+00 4.123909e-01 6.178407e-01
1.300000e-01 1.195000e+00 4.133397e-01 5.498629e-01 1.350000e-01 1.200000e+00 4.123351e-01 5.525654e-01
1.350000e-01 1.200000e+00 4.123351e-01 5.525654e-01 1.450000e-01 1.200000e+00 4.134981e-01 5.493217e-01
1.450000e-01 1.200000e+00 4.134981e-01 5.493217e-01 1.500000e-01 1.205000e+00 4.124260e-01 5.521873e-01
7.650000e-01 1.200000e+00 4.112734e-01 6.160346e-01 7.600000e-01 1.205000e+00 4.121916e-01 6.175012e-01
7.650000e-01 1.200000e+00 4.112734e-01 6.160346e-01 7.750000e-01 1.200000e+00 4.140134e-01 6.204820e-01
7.800000e-01 1.195000e+00 4.132260e-01 6.191174e-01 7.750000e-01 1.200000e+00 4.140134e-01 6.204820e-01
1.500000e-01 1.205000e+00 4.124260e-01 5.521873e-01 1.550000e-01 1.210000e+00 4.114369e-01 5.551141e-01
1.550000e-01 1.210000e+00 4.114369e-01 5.551141e-01 1.650000e-01 1.210000e+00 4.123958e-01 5.521233e-01
1.650000e-01 1.210000e+00 4.123958e-01 5.521233e-01 1.700000e-01 1.215000e+00 4.113572e-01 5.552179e-01
7.450000e-01 1.210000e+00 4.105909e-01 6.147390e-01 7.400000e-01 1.215000e+00 4.115736e-01 6.164049e-01
7.450000e-01 1.210000e+00 4.105909e-01 6.147390e-01 7.550000e-01 1.210000e+00 4.130559e-01 6.190534e-01
7.600000e-01 1.205000e+00 4.121916e-01 6.175012e-01 7.550000e-01 1.210000e+00 4.130559e-01 6.190534e-01
1.700000e-01 1.215000e+00 4.113572e-01 5.552179e-01 1.750000e-01 1.220000e+00 4.104034e-01 5.583677e-01
1.750000e-01 1.220000e+00 4.104034e-01 5.583677e-01 1.850000e-01 1.220000e+00 4.111855e-01 5.556425e-01
1.850000e-01 1.220000e+00 4.111855e-01 5.556425e-01 1.900000e-01 1.225000e+00 4.102005e-01 5.589630e-01
7.250000e-01 1.220000e+00 4.102907e-01 6.139933e-01 7.200000e-01 1.225000e+00 4.113188e-01 6.158663e-01
7.250000e-01 1.220000e+00 4.102907e-01 6.139933e-01 7.350000e-01 1.220000e+00 4.124969e-01 6.181536e-01
7.400000e-01 1.215000e+00 4.115736e-01 6.164049e-01 7.350000e-01 1.220000e+00 4.124969e-01 6.181536e-01
1.900000e-01 1.225000e+00 4.102005e-01 5.589630e-01 1.950000e-01 1.230000e+00 4.093013e-01 5.623323e-01
1.950000e-01 1.230000e+00 4.093013e-01 5.623323e-01 2.050000e-01 1.230000e+00 4.099350e-01 5.598825e-01
2.050000e-01 1.230000e+00 4.099350e-01 5.598825e-01 2.100000e-01 1.235000e+00 4.090225e-01 5.634237e-01
7.050000e-01 1.230000e+00 4.103165e-01 6.138326e-01 7.000000e-01 1.235000e+00 4.113702e-01 6.159189e-01
7.050000e-01 1.230000e+00 4.103165e-01 6.138326e-01 7.150000e-01 1.230000e+00 4.122823e-01 6.178188e-01
7.200000e-01 1.225000e+00 4.113188e-01 6.158663e-01 7.150000e-01 1.230000e+00 4.122823e-01 6.178188e-01
2.100000e-01 1.235000e+00 4.090225e-01 5.634237e-01 2.150000e-01 1.240000e+00 4.081961e-01 5.670072e-01
2.150000e-01 1.240000e+00 4.081961e-01 5.670072e-01 2.250000e-01 1.240000e+00 4.087102e-01 5.648402e-01
2.250000e-01 1.240000e+00 4.087102e-01 5.648402e-01 2.350000e-01 1.240000e+00 4.091168e-01 5.627892e-01
2.350000e-01 1.240000e+00 4.091168e-01 5.627892e-01 2.400000e-01 1.245000e+00 4.083030e-01 5.666311e-01
6.850000e-01 1.240000e+00 4.106089e-01 6.142869e-01 6.800000e-01 1.245000e+00 4.116684e-01 6.165905e-01
6.850000e-01 1.240000e+00 4.106089e-01 6.142869e-01 6.950000e-01 1.240000e+00 4.123550e-01 6.180805e-01
7.000000e-01 1.235000e+00 4.113702e-01 6.159189e-01 6.950000e-01 1.240000e+00 4.123550e-01 6.180805e-01
2.400000e-01 1.245000e+00 4.083030e-01 5.666311e-01 2.450000e-01 1.250000e+00 4.075751e-01 5.705065e-01
2.450000e-01 1.250000e+00 4.075751e-01 5.705065e-01 2.550000e-01 1.250000e+00 4.079032e-01 5.687475e-01
2.550000e-01 1.250000e+00 4.079032e-01 5.687475e-01 2.650000e-01 1.250000e+00 4.081402e-01 5.671129e-01
2.650000e-01 1.250000e+00 4.081402e-01 5.671129e-01 2.700000e-01 1.255000e+00 4.074624e-01 5.712440e-01
6.550000e-01 1.250000e+00 4.096837e-01 6.118664e-01 6.500000e-01 1.255000e+00 4.107538e-01 6.144669e-01
6.550000e-01 1.250000e+00 4.096837e-01 6.118664e-01 6.650000e-01 1.250000e+00 4.111064e-01 6.153804e-01
6.650000e-01 1.250000e+00 4.111064e-01 6.153804e-01 6.750000e-01 1.250000e+00 4.126551e-01 6.189649e-01
6.800000e-01 1.245000e+00 4.116684e-01 6.165905e-01 6.750000e-01 1.250000e+00 4.126551e-01 6.189649e-01
2.700000e-01 1.255000e+00 4.074624e-01 5.712440e-01 2.750000e-01 1.260000e+00 4.068687e-01 5.754001e-01
2.750000e-01 1.260000e+00 4.068687e-01 5.754001e-01 2.850000e-01 1.260000e+00 4.070689e-01 5.740614e-01
2.850000e-01 1.260000e+00 4.070689e-01 5.740614e-01 2.950000e-01 1.260000e+00 4.071959e-01 5.728531e-01
2.950000e-01 1.260000e+00 4.071959e-01 5.728531e-01 3.000000e-01 1.265000e+00 4.066879e-01 5.772572e-01
6.250000e-01 1.260000e+00 4.093462e-01 6.106503e-01 6.200000e-01 1.265000e+00 4.103872e-01 6.135540e-01
6.250000e-01 1.260000e+00 4.093462e-01 6.106503e-01 6.350000e-01 1.260000e+00 4.104886e-01 6.138496e-01
6.350000e-01 1.260000e+00 4.104886e-01 6.138496e-01 6.450000e-01 1.260000e+00 4.117462e-01 6.171318e-01
6.500000e-01 1.255000e+00 4.107538e-01 6.144669e-01 6.450000e-01 1.260000e+00 4.117462e-01 6.171318e-01
3.000000e-01 1.265000e+00 4.066879e-01 5.772572e-01 3.050000e-01 1.270000e+00 4.062607e-01 5.816782e-01
3.050000e-01 1.270000e+00 4.062607e-01 5.816782e-01 3.150000e-01 1.270000e+00 4.063918e-01 5.807642e-01
3.150000e-01 1.270000e+00 4.063918e-01 5.807642e-01 3.250000e-01 1.270000e+00 4.064680e-01 5.799842e-01
3.250000e-01 1.270000e+00 4.064680e-01 5.799842e-01 3.350000e-01 1.270000e+00 4.064946e-01 5.793402e-01
3.350000e-01 1.270000e+00 4.064946e-01 5.793402e-01 3.450000e-01 1.270000e+00 4.064776e-01 5.788339e-01
3.450000e-01 1.270000e+00 4.064776e-01 5.788339e-01 3.500000e-01 1.275000e+00 4.062665e-01 5.836433e-01
5.750000e-01 1.270000e+00 4.078961e-01 6.052993e-01 5.700000e-01 1.275000e+00 4.088587e-01 6.086773e-01
5.750000e-01 1.270000e+00 4.078961e-01 6.052993e-01 5.850000e-01 1.270000e+00 4.086122e-01 6.079546e-01
5.850000e-01 1.270000e+00 4.086122e-01 6.079546e-01 5.950000e-01 1.270000e+00 4.094236e-01 6.107116e-01
5.950000e-01 1.270000e+00 4.094236e-01 6.107116e-01 6.050000e-01 1.270000e+00 4.103341e-01 6.135663e-01
6.050000e-01 1.270000e+00 4.103341e-01 6.135663e-01 6.150000e-01 1.270000e+00 4.113469e-01 6.165149e-01
6.200000e-01 1.265000e+00 4.103872e-01 6.135540e-01 6.150000e-01 1.270000e+00 4.113469e-01 6.165149e-01
3.500000e-01 1.275000e+00 4.062665e-01 5.836433e-01 3.550000e-01 1.280000e+00 4.061294e-01 5.884581e-01
3.550000e-01 1.280000e+00 4.061294e-01 5.884581e-01 3.650000e-01 1.280000e+00 4.061813e-01 5.882373e-01
3.650000e-01 1.280000e+00 4.061813e-01 5.882373e-01 3.750000e-01 1.280000e+00 4.062080e-01 5.881540e-01
3.750000e-01 1.280000e+00 4.062080e-01 5.881540e-01 3.850000e-01 1.280000e+00 4.062155e-01 5.882087e-01
3.850000e-01 1.280000e+00 4.062155e-01 5.882087e-01 3.950000e-01 1.280000e+00 4.062095e-01 5.884018e-01
3.950000e-01 1.280000e+00 4.062095e-01 5.884018e-01 4.050000e-01 1.280000e+00 4.061962e-01 5.887336e-01
4.050000e-01 1.280000e+00 4.061962e-01 5.887336e-01 4.150000e-01 1.280000e+00 4.061815e-01 5.892039e-01
4.150000e-01 1.280000e+00 4.061815e-01 5.892039e-01 4.250000e-01 1.280000e+00 4.061714e-01 5.898124e-01
4.250000e-01 1.280000e+00 4.061714e-01 5.898124e-01 4.350000e-01 1.280000e+00 4.061718e-01 5.905586e-01
4.350000e-01 1.280000e+00 4.061718e-01 5.905586e-01 4.450000e-01 1.280000e+00 4.061888e-01 5.914415e-01
4.450000e-01 1.280000e+00 4.061888e-01 5.914415e-01 4.550000e-01 1.280000e+00 4.062282e-01 5.924604e-01
4.550000e-01 1.280000e+00 4.062282e-01 5.924604e-01 4.650000e-01 1.280000e+00 4.062959e-01 5.936136e-01
4.650000e-01 1.280000e+00 4.062959e-01 5.936136e-01 4.750000e-01 1.280000e+00 4.063977e-01 5.948997e-01
4.750000e-01 1.280000e+00 4.063977e-01 5.948997e-01 4.850000e-01 1.280000e+00 4.065391e-01 5.963171e-01
4.850000e-01 1.280000e+00 4.065391e-01 5.963171e-01 4.950000e-01 1.280000e+00 4.067258e-01 5.978637e-01
4.950000e-01 1.280000e+00 4.067258e-01 5.978637e-01 5.050000e-01 1.280000e+00 4.069633e-01 5.995373e-01
5.050000e-01 1.280000e+00 4.069633e-01 5.995373e-01 5.150000e-01 1.280000e+00 4.072566e-01 6.013355e-01
5.150000e-01 1.280000e+00 4.072566e-01 6.013355e-01 5.250000e-01 1.280000e+00 4.076111e-01 6.032558e-01
5.250000e-01 1.280000e+00 4.076111e-01 6.032558e-01 5.350000e-01 1.280000e+00 4.080316e-01 6.052954e-01
5.350000e-01 1.280000e+00 4.080316e-01 6.052954e-01 5.450000e-01 1.280000e+00 4.085230e-01 6.074515e-01
5.450000e-01 1.280000e+00 4.085230e-01 6.074515e-01 5.550000e-01 1.280000e+00 4.090898e-01 6.097209e-01
5.550000e-01 1.280000e+00 4.090898e-01 6.097209e-01 5.650000e-01 1.280000e+00 4.097364e-01 6.121005e-01
5.700000e-01 1.275000e+00 4.088587e-01 6.086773e-01 5.650000e-01 1.280000e+00 4.097364e-01 6.121005e-01
3.760448e-01 5.568881e-01 -3.267779e-01 5.858402e-01 3.760448e-01 5.568881e-01 -3.251378e-01 5.389436e-01
3.760448e-01 5.568881e-01 -3.251378e-01 5.389436e-01 3.760448e-01 5.568881e-01 -3.201860e-01 4.918546e-01
3.760448e-01 5.568881e-01 -3.201860e-01 4.918546e-01 3.760448e-01 5.568881e-01 -3.118826e-01 4.447791e-01
3.760448e-01 5.568881e-01 -3.118826e-01 4.447791e-01 3.760448e-01 5.568881e-01 -3.002002e-01 3.979352e-01
3.760448e-01 5.568881e-01 -3.002002e-01 3.979352e-01 3.760448e-01 5.568881e-01 -2.851266e-01 3.515530e-01
3.760448e-01 5.568881e-01 -2.851266e-01 3.515530e-01 3.760448e-01 5.568881e-01 -2.666681e-01 3.058743e-01
3.760448e-01 5.568881e-01 -2.666681e-01 3.058743e-01 3.760448e-01 5.568881e-01 -2.448523e-01 2.611518e-01
3.760448e-01 5.568881e-01 -2.448523e-01 2.611518e-01 3.760448e-01 5.568881e-01 -2.197316e-01 2.176468e-01
3.760448e-01 5.568881e-01 -2.197316e-01 2.176468e-01 3.760448e-01 5.568881e-01 -1.913860e-01 1.756272e-01
3.760448e-01 5.568881e-01 -1.913860e-01 1.756272e-01 3.760448e-01 5.568881e-01 -1.599255e-01 1.353632e-01
3.760448e-01 5.568881e-01 -1.599255e-01 1.353632e-01 3.760448e-01 5.568881e-01 -1.254920e-01 9.712387e-02
3.760448e-01 5.568881e-01 -1.254920e-01 9.712387e-02 3.760448e-01 5.568881e-01 -8.825995e-02 6.117144e-02
3.760448e-01 5.568881e-01 -8.825995e-02 6.117144e-02 3.760448e-01 5.568881e-01 -4.843565e-02 2.775633e-02
3.760448e-01 5.568881e-01 -4.843565e-02 2.775633e-02 3.760448e-01 5.568881e-01 -6.255560e-03 -2.888500e-03
3.760448e-01 5.568881e-01 -6.255560e-03 -2.888500e-03 3.760448e-01 5.568881e-01 3.801696e-02 -3.055286e-02
3.760448e-01 5.568881e-01 3.801696e-02 -3.055286e-02 3.760448e-01 5.568881e-01 8.409611e-02 -5.505398e-02
3.760448e-01 5.568881e-01 8.409611e-02 -5.505398e-02 3.760448e-01 5.568881e-01 1.316791e-01 -7.624019e-02
3.760448e-01 5.568881e-01 1.316791e-01 -7.624019e-02 3.760448e-01 5.568881e-01 1.804520e-01 -9.399347e-02
3.760448e-01 5.568881e-01 1.804520e-01 -9.399347e-02 3.760448e-01 5.568881e-01 2.300965e-01 -1.082306e-01
3.760448e-01 5.568881e-01 2.300965e-01 -1.082306e-01 3.760448e-01 5.568881e-01 2.802953e-01 -1.189028e-01
3.760448e-01 5.568881e-01 2.802953e-01 -1.189028e-01 3.760448e-01 5.568881e-01 3.307380e-01 -1.259944e-01
3.760448e-01 5.568881e-01 3.307380e-01 -1.259944e-01 3.760448e-01 5.568881e-01 3.811257e-01 -1.295205e-01
3.760448e-01 5.568881e-01 3.811257e-01 -1.295205e-01 3.760448e-01 5.568881e-01 4.311746e-01 -1.295232e-01
3.760448e-01 5.568881e-01 4.311746e-01 -1.295232e-01 3.760448e-01 5.568881e-01 4.806183e-01 -1.260687e-01
3.760448e-01 5.568881e-01 4.806183e-01 -1.260687e-01 3.760448e-01 5.568881e-01 5.292098e-01 -1.192425e-01
3.760448e-01 5.568881e-01 5.292098e-01 -1.192425e-01 3.760448e-01 5.568881e-01 5.767216e-01 -1.091465e-01
3.760448e-01 5.568881e-01 5.767216e-01 -1.091465e-01 3.760448e-01 5.568881e-01 6.229457e-01 -9.589484e-02
3.760448e-01 5.568881e-01 6.229457e-01 -9.589484e-02 3.760448e-01 5.568881e-01 6.676928e-01 -7.961106e-02
3.760448e-01 5.568881e-01 6.676928e-01 -7.961106e-02 3.760448e-01 5.568881e-01 7.107909e-01 -6.042528e-02
3.760448e-01 5.568881e-01 7.107909e-01 -6.042528e-02 3.760448e-01 5.568881e-01 7.520839e-01 -3.847197e-02
3.760448e-01 5.568881e-01 7.520839e-01 -3.847197e-02 3.760448e-01 5.568881e-01 7.914299e-01 -1.388829e-02
3.760448e-01 5.568881e-01 7.914299e-01 -1.388829e-02 3.760448e-01 5.568881e-01 8.286992e-01 1.318724e-02
3.760448e-01 5.568881e-01 8.286992e-01 1.318724e-02 3.760448e-01 5.568881e-01 8.637729e-01 4.261560e-02
3.760448e-01 5.568881e-01 8.637729e-01 4.261560e-02 3.760448e-01 5.568881e-01 8.965410e-01 7.425775e-02
3.760448e-01 5.568881e-01 8.965410e-01 7.425775e-02 3.760448e-01 5.568881e-01 9.269011e-01 1.079748e-01
3.760448e-01 5.568881e-01 9.269011e-01 1.079748e-01 3.760448e-01 5.568881e-01 9.547570e-01 1.436277e-01
3.760448e-01 5.568881e-01 9.547570e-01 1.436277e-01 3.760448e-01 5.568881e-01 9.800175e-01 1.810775e-01
3.760448e-01 5.568881e-01 9.800175e-01 1.810775e-01 3.760448e-01 5.568881e-01 1.002595e+00 2.201838e-01
3.760448e-01 5.568881e-01 1.002595e+00 2.201838e-01 3.760448e-01 5.568881e-01 1.022407e+00 2.608048e-01
3.760448e-01 5.568881e-01 1.022407e+00 2.608048e-01 3.760448e-01 5.568881e-01 1.039372e+00 3.027962e-01
3.760448e-01 5.568881e-01 1.039372e+00 3.027962e-01 3.760448e-01 5.568881e-01 1.053412e+00 3.460099e-01
3.760448e-01 5.568881e-01 1.053412e+00 3.460099e-01 3.760448e-01 5.568881e-01 1.064452e+00 3.902931e-01
3.760448e-01 5.568881e-01 1.064452e+00 3.902931e-01 3.760448e-01 5.568881e-01 1.072419e+00 4.354871e-01
3.760448e-01 5.568881e-01 1.072419e+00 4.354871e-01 3.760448e-01 5.568881e-01 1.077245e+00 4.814262e-01
3.760448e-01 5.568881e-01 1.077245e+00 4.814262e-01 3.760448e-01 5.568881e-01 1.078867e+00 5.279359e-01
3.760448e-01 5.568881e-01 1.078867e+00 5.279359e-01 3.760448e-01 5.568881e-01 1.077227e+00 5.748326e-01
3.760448e-01 5.568881e-01 1.077227e+00 5.748326e-01 3.760448e-01 5.568881e-01 1.072276e+00 6.219216e-01
3.760448e-01 5.568881e-01 1.072276e+00 6.219216e-01 3.760448e-01 5.568881e-01 1.063972e+00 6.689971e-01
3.760448e-01 5.568881e-01 1.063972e+00 6.689971e-01 3.760448e-01 5.568881e-01 1.052290e+00 7.158410e-01
3.760448e-01 5.568881e-01 1.052290e+00 7.158410e-01 3.760448e-01 5.568881e-01 1.037216e+00 7.622232e-01
3.760448e-01 5.568881e-01 1.037216e+00 7.622232e-01 3.760448e-01 5.568881e-01 1.018758e+00 8.079019e-01
3.760448e-01 5.568881e-01 1.018758e+00 8.079019e-01 3.760448e-01 5.568881e-01 9.969420e-01 8.526244e-01
3.760448e-01 5.568881e-01 9.969420e-01 8.526244e-01 3.760448e-01 5.568881e-01 9.718213e-01 8.961293e-01
3.760448e-01 5.568881e-01 9.718213e-01 8.961293e-01 3.760448e-01 5.568881e-01 9.434756e-01 9.381490e-01
3.760448e-01 5.568881e-01 9.434756e-01 9.381490e-01 3.760448e-01 5.568881e-01 9.120151e-01 9.784129e-01
3.760448e-01 5.568881e-01 9.120151e-01 9.784129e-01 3.760448e-01 5.568881e-01 8.775816e-01 1.016652e+00
3.760448e-01 5.568881e-01 8.775816e-01 1.016652e+00 3.760448e-01 5.568881e-01 8.403496e-01 1.052605e+00
3.760448e-01 5.568881e-01 8.403496e-01 1.052605e+00 3.760448e-01 5.568881e-01 8.005253e-01 1.086020e+00
3.760448e-01 5.568881e-01 8.005253e-01 1.086020e+00 3.760448e-01 5.568881e-01 7.583452e-01 1.116665e+00
3.760448e-01 5.568881e-01 7.583452e-01 1.116665e+00 3.760448e-01 5.568881e-01 7.140727e-01 1.144329e+00
3.760448e-01 5.568881e-01 7.140727e-01 1.144329e+00 3.760448e-01 5.568881e-01 6.679935e-01 1.168830e+00
3.760448e-01 5.568881e-01 6.679935e-01 1.168830e+00 3.760448e-01 5.568881e-01 6.204106e-01 1.190016e+00
3.760448e-01 5.568881e-01 6.204106e-01 1.190016e+00 3.760448e-01 5.568881e-01 5.716376e-01 1.207770e+00
3.760448e-01 5.568881e-01 5.716376e-01 1.207770e+00 3.760448e-01 5.568881e-01 5.219931e-01 1.222007e+00
3.760448e-01 5.568881e-01 5.219931e-01 1.222007e+00 3.760448e-01 5.568881e-01 4.717943e-01 1.232679e+00
3.760448e-01 5.568881e-01 4.717943e-01 1.232679e+00 3.760448e-01 5.568881e-01 4.213516e-01 1.239771e+00
3.760448e-01 5.568881e-01 4.213516e-01 1.239771e+00 3.760448e-01 5.568881e-01 3.709639e-01 1.243297e+00
3.760448e-01 5.568881e-01 3.709639e-01 1.243297e+00 3.760448e-01 5.568881e-01 3.209150e-01 1.243299e+00
3.760448e-01 5.568881e-01 3.209150e-01 1.243299e+00 3.760448e-01 5.568881e-01 2.714713e-01 1.239845e+00
3.760448e-01 5.568881e-01 2.714713e-01 1.239845e+00 3.760448e-01 5.568881e-01 2.228798e-01 1.233019e+00
3.760448e-01 5.568881e-01 2.228798e-01 1.233019e+00 3.760448e-01 5.568881e-01 1.753680e-01 1.222923e+00
3.760448e-01 5.568881e-01 1.753680e-01 1.222923e+00 3.760448e-01 5.568881e-01 1.291439e-01 1.209671e+00
3.760448e-01 5.568881e-01 1.291439e-01 1.209671e+00 3.760448e-01 5.568881e-01 8.439681e-02 1.193387e+00
3.760448e-01 5.568881e-01 8.439681e-02 1.193387e+00 3.760448e-01 5.568881e-01 4.129872e-02 1.174201e+00
3.760448e-01 5.568881e-01 4.129872e-02 1.174201e+00 3.760448e-01 5.568881e-01 5.703002e-06 1.152248e+00
3.760448e-01 5.568881e-01 5.703002e-06 1.152248e+00 3.760448e-01 5.568881e-01 -3.934026e-02 1.127664e+00
3.760448e-01 5.568881e-01 -3.934026e-02 1.127664e+00 3.760448e-01 5.568881e-01 -7.660956e-02 1.100589e+00
3.760448e-01 5.568881e-01 -7.660956e-02 1.100589e+00 3.760448e-01 5.568881e-01 -1.116832e-01 1.071161e+00
3.760448e-01 5.568881e-01 -1.116832e-01 1.071161e+00 3.760448e-01 5.568881e-01 -1.444514e-01 1.039518e+00
3.760448e-01 5.568881e-01 -1.444514e-01 1.039518e+00 3.760448e-01 5.568881e-01 -1.748115e-01 1.005801e+00
3.760448e-01 5.568881e-01 -1.748115e-01 1.005801e+00 3.760448e-01 5.568881e-01 -2.026674e-01 9.701484e-01
3.760448e-01 5.568881e-01 -2.026674e-01 9.701484e-01 3.760448e-01 5.568881e-01 -2.279279e-01 9.326987e-01
3.760448e-01 5.568881e-01 -2.279279e-01 9.326987e-01 3.760448e-01 5.568881e-01 -2.505059e-01 8.935924e-01
3.760448e-01 5.568881e-01 -2.505059e-01 8.935924e-01 3.760448e-01 5.568881e-01 -2.703176e-01 8.529713e-01
3.760448e-01 5.568881e-01 -2.703176e-01 8.529713e-01 3.760448e-01 5.568881e-01 -2.872825e-01 8.109800e-01
3.760448e-01 5.568881e-01 -2.872825e-01 8.109800e-01 3.760448e-01 5.568881e-01 -3.013224e-01 7.677663e-01
3.760448e-01 5.568881e-01 -3.013224e-01 7.677663e-01 3.760448e-01 5.568881e-01 -3.123621e-01 7.234831e-01
3.760448e-01 5.568881e-01 -3.123621e-01 7.234831e-01 3.760448e-01 5.568881e-01 -3.203294e-01 6.782890e-01
3.760448e-01 5.568881e-01 -3.203294e-01 6.782890e-01 3.760448e-01 5.568881e-01 -3.251558e-01 6.323500e-01
3.760448e-01 5.568881e-01 -3.251558e-01 6.323500e-01 3.760448e-01 5.568881e-01 -3.267779e-01 5.858402e-01
