1.950000e-01 -2.100000e-01 3.489732e-01 4.576393e-01 1.900000e-01 -2.050000e-01 3.498492e-01 4.610576e-01
1.950000e-01 -2.100000e-01 3.489732e-01 4.576393e-01 2.050000e-01 -2.100000e-01 3.496303e-01 4.600254e-01
2.050000e-01 -2.100000e-01 3.496303e-01 4.600254e-01 2.150000e-01 -2.100000e-01 3.502090e-01 4.623020e-01
2.150000e-01 -2.100000e-01 3.502090e-01 4.623020e-01 2.250000e-01 -2.100000e-01 3.507136e-01 4.644660e-01
2.250000e-01 -2.100000e-01 3.507136e-01 4.644660e-01 2.350000e-01 -2.100000e-01 3.511487e-01 4.665144e-01
2.350000e-01 -2.100000e-01 3.511487e-01 4.665144e-01 2.450000e-01 -2.100000e-01 3.515190e-01 4.684442e-01
2.450000e-01 -2.100000e-01 3.515190e-01 4.684442e-01 2.550000e-01 -2.100000e-01 3.518296e-01 4.702529e-01
2.550000e-01 -2.100000e-01 3.518296e-01 4.702529e-01 2.650000e-01 -2.100000e-01 3.520854e-01 4.719378e-01
2.650000e-01 -2.100000e-01 3.520854e-01 4.719378e-01 2.750000e-01 -2.100000e-01 3.522917e-01 4.734966e-01
2.750000e-01 -2.100000e-01 3.522917e-01 4.734966e-01 2.850000e-01 -2.100000e-01 3.524539e-01 4.749272e-01
2.850000e-01 -2.100000e-01 3.524539e-01 4.749272e-01 2.950000e-01 -2.100000e-01 3.525775e-01 4.762277e-01
2.950000e-01 -2.100000e-01 3.525775e-01 4.762277e-01 3.050000e-01 -2.100000e-01 3.526682e-01 4.773962e-01
3.050000e-01 -2.100000e-01 3.526682e-01 4.773962e-01 3.150000e-01 -2.100000e-01 3.527316e-01 4.784314e-01
3.150000e-01 -2.100000e-01 3.527316e-01 4.784314e-01 3.250000e-01 -2.100000e-01 3.527735e-01 4.793319e-01
3.250000e-01 -2.100000e-01 3.527735e-01 4.793319e-01 3.350000e-01 -2.100000e-01 3.527997e-01 4.800968e-01
3.350000e-01 -2.100000e-01 3.527997e-01 4.800968e-01 3.450000e-01 -2.100000e-01 3.528162e-01 4.807251e-01
3.450000e-01 -2.100000e-01 3.528162e-01 4.807251e-01 3.550000e-01 -2.100000e-01 3.528289e-01 4.812164e-01
3.550000e-01 -2.100000e-01 3.528289e-01 4.812164e-01 3.650000e-01 -2.100000e-01 3.528437e-01 4.815703e-01
3.650000e-01 -2.100000e-01 3.528437e-01 4.815703e-01 3.750000e-01 -2.100000e-01 3.528664e-01 4.817868e-01
3.750000e-01 -2.100000e-01 3.528664e-01 4.817868e-01 3.850000e-01 -2.100000e-01 3.529031e-01 4.818660e-01
3.850000e-01 -2.100000e-01 3.529031e-01 4.818660e-01 3.950000e-01 -2.100000e-01 3.529595e-01 4.818085e-01
3.950000e-01 -2.100000e-01 3.529595e-01 4.818085e-01 4.000000e-01 -2.050000e-01 3.529036e-01 4.867094e-01
1.450000e-01 -2.000000e-01 3.473337e-01 4.531979e-01 1.400000e-01 -1.950000e-01 3.482937e-01 4.561559e-01
1.450000e-01 -2.000000e-01 3.473337e-01 4.531979e-01 1.550000e-01 -2.000000e-01 3.483508e-01 4.561501e-01
1.550000e-01 -2.000000e-01 3.483508e-01 4.561501e-01 1.650000e-01 -2.000000e-01 3.492668e-01 4.590089e-01
1.650000e-01 -2.000000e-01 3.492668e-01 4.590089e-01 1.750000e-01 -2.000000e-01 3.500853e-01 4.617703e-01
1.750000e-01 -2.000000e-01 3.500853e-01 4.617703e-01 1.850000e-01 -2.000000e-01 3.508097e-01 4.644309e-01
1.900000e-01 -2.050000e-01 3.498492e-01 4.610576e-01 1.850000e-01 -2.000000e-01 3.508097e-01 4.644309e-01
4.000000e-01 -2.050000e-01 3.529036e-01 4.867094e-01 4.050000e-01 -2.000000e-01 3.527761e-01 4.916076e-01
4.050000e-01 -2.000000e-01 3.527761e-01 4.916076e-01 4.150000e-01 -2.000000e-01 3.527527e-01 4.912692e-01
4.150000e-01 -2.000000e-01 3.527527e-01 4.912692e-01 4.250000e-01 -2.000000e-01 3.527673e-01 4.907930e-01
4.250000e-01 -2.000000e-01 3.527673e-01 4.907930e-01 4.350000e-01 -2.000000e-01 3.528259e-01 4.901803e-01
4.350000e-01 -2.000000e-01 3.528259e-01 4.901803e-01 4.450000e-01 -2.000000e-01 3.529338e-01 4.894327e-01
4.450000e-01 -2.000000e-01 3.529338e-01 4.894327e-01 4.500000e-01 -1.950000e-01 3.525752e-01 4.939529e-01
1.150000e-01 -1.900000e-01 3.469323e-01 4.525709e-01 1.100000e-01 -1.850000e-01 3.479261e-01 4.552341e-01
1.150000e-01 -1.900000e-01 3.469323e-01 4.525709e-01 1.250000e-01 -1.900000e-01 3.481903e-01 4.558551e-01
1.250000e-01 -1.900000e-01 3.481903e-01 4.558551e-01 1.350000e-01 -1.900000e-01 3.493345e-01 4.590570e-01
1.400000e-01 -1.950000e-01 3.482937e-01 4.561559e-01 1.350000e-01 -1.900000e-01 3.493345e-01 4.590570e-01
4.500000e-01 -1.950000e-01 3.525752e-01 4.939529e-01 4.550000e-01 -1.900000e-01 3.521374e-01 4.984590e-01
4.550000e-01 -1.900000e-01 3.521374e-01 4.984590e-01 4.650000e-01 -1.900000e-01 3.522290e-01 4.974196e-01
4.650000e-01 -1.900000e-01 3.522290e-01 4.974196e-01 4.750000e-01 -1.900000e-01 3.523885e-01 4.962481e-01
4.750000e-01 -1.900000e-01 3.523885e-01 4.962481e-01 4.800000e-01 -1.850000e-01 3.518545e-01 5.005109e-01
8.500000e-02 -1.800000e-01 3.460314e-01 4.507323e-01 8.000000e-02 -1.750000e-01 3.470211e-01 4.531061e-01
8.500000e-02 -1.800000e-01 3.460314e-01 4.507323e-01 9.500000e-02 -1.800000e-01 3.475768e-01 4.543179e-01
9.500000e-02 -1.800000e-01 3.475768e-01 4.543179e-01 1.050000e-01 -1.800000e-01 3.489974e-01 4.578333e-01
1.100000e-01 -1.850000e-01 3.479261e-01 4.552341e-01 1.050000e-01 -1.800000e-01 3.489974e-01 4.578333e-01
4.800000e-01 -1.850000e-01 3.518545e-01 5.005109e-01 4.850000e-01 -1.800000e-01 3.512376e-01 5.047519e-01
4.850000e-01 -1.800000e-01 3.512376e-01 5.047519e-01 4.950000e-01 -1.800000e-01 3.514212e-01 5.032850e-01
4.950000e-01 -1.800000e-01 3.514212e-01 5.032850e-01 5.050000e-01 -1.800000e-01 3.516905e-01 5.016915e-01
5.050000e-01 -1.800000e-01 3.516905e-01 5.016915e-01 5.100000e-01 -1.750000e-01 3.510121e-01 5.056799e-01
6.500000e-02 -1.700000e-01 3.463430e-01 4.516153e-01 6.000000e-02 -1.650000e-01 3.473315e-01 4.537772e-01
6.500000e-02 -1.700000e-01 3.463430e-01 4.516153e-01 7.500000e-02 -1.700000e-01 3.480832e-01 4.554095e-01
8.000000e-02 -1.750000e-01 3.470211e-01 4.531061e-01 7.500000e-02 -1.700000e-01 3.480832e-01 4.554095e-01
5.100000e-01 -1.750000e-01 3.510121e-01 5.056799e-01 5.150000e-01 -1.700000e-01 3.502484e-01 5.096383e-01
5.150000e-01 -1.700000e-01 3.502484e-01 5.096383e-01 5.250000e-01 -1.700000e-01 3.505833e-01 5.077512e-01
5.250000e-01 -1.700000e-01 3.505833e-01 5.077512e-01 5.350000e-01 -1.700000e-01 3.510209e-01 5.057451e-01
5.350000e-01 -1.700000e-01 3.510209e-01 5.057451e-01 5.400000e-01 -1.650000e-01 3.502326e-01 5.094465e-01
4.500000e-02 -1.600000e-01 3.464314e-01 4.518778e-01 4.000000e-02 -1.550000e-01 3.473997e-01 4.538313e-01
4.500000e-02 -1.600000e-01 3.464314e-01 4.518778e-01 5.500000e-02 -1.600000e-01 3.483889e-01 4.558642e-01
6.000000e-02 -1.650000e-01 3.473315e-01 4.537772e-01 5.500000e-02 -1.600000e-01 3.483889e-01 4.558642e-01
5.400000e-01 -1.650000e-01 3.502326e-01 5.094465e-01 5.450000e-01 -1.600000e-01 3.493585e-01 5.131090e-01
5.450000e-01 -1.600000e-01 3.493585e-01 5.131090e-01 5.550000e-01 -1.600000e-01 3.499028e-01 5.108169e-01
5.550000e-01 -1.600000e-01 3.499028e-01 5.108169e-01 5.600000e-01 -1.550000e-01 3.490337e-01 5.143074e-01
2.500000e-02 -1.500000e-01 3.462371e-01 4.515457e-01 2.000000e-02 -1.450000e-01 3.471662e-01 4.532963e-01
2.500000e-02 -1.500000e-01 3.462371e-01 4.515457e-01 3.500000e-02 -1.500000e-01 3.484325e-01 4.557059e-01
4.000000e-02 -1.550000e-01 3.473997e-01 4.538313e-01 3.500000e-02 -1.500000e-01 3.484325e-01 4.557059e-01
5.600000e-01 -1.550000e-01 3.490337e-01 5.143074e-01 5.650000e-01 -1.500000e-01 3.480784e-01 5.177527e-01
5.650000e-01 -1.500000e-01 3.480784e-01 5.177527e-01 5.750000e-01 -1.500000e-01 3.487586e-01 5.151804e-01
5.750000e-01 -1.500000e-01 3.487586e-01 5.151804e-01 5.850000e-01 -1.500000e-01 3.495676e-01 5.125059e-01
5.850000e-01 -1.500000e-01 3.495676e-01 5.125059e-01 5.900000e-01 -1.450000e-01 3.486523e-01 5.156958e-01
5.000000e-03 -1.400000e-01 3.457028e-01 4.506501e-01 1.066855e-16 -1.350000e-01 3.465741e-01 4.522048e-01
5.000000e-03 -1.400000e-01 3.457028e-01 4.506501e-01 1.500000e-02 -1.400000e-01 3.481548e-01 4.549644e-01
2.000000e-02 -1.450000e-01 3.471662e-01 4.532963e-01 1.500000e-02 -1.400000e-01 3.481548e-01 4.549644e-01
5.900000e-01 -1.450000e-01 3.486523e-01 5.156958e-01 5.950000e-01 -1.400000e-01 3.476530e-01 5.188322e-01
5.950000e-01 -1.400000e-01 3.476530e-01 5.188322e-01 6.050000e-01 -1.400000e-01 3.486365e-01 5.158943e-01
6.050000e-01 -1.400000e-01 3.486365e-01 5.158943e-01 6.100000e-01 -1.350000e-01 3.476855e-01 5.188646e-01
-1.500000e-02 -1.300000e-01 3.447745e-01 4.492270e-01 -2.000000e-02 -1.250000e-01 3.455700e-01 4.505947e-01
-1.500000e-02 -1.300000e-01 3.447745e-01 4.492270e-01 -5.000000e-03 -1.300000e-01 3.474992e-01 4.536743e-01
1.066855e-16 -1.350000e-01 3.465741e-01 4.522048e-01 -5.000000e-03 -1.300000e-01 3.474992e-01 4.536743e-01
6.100000e-01 -1.350000e-01 3.476855e-01 5.188646e-01 6.150000e-01 -1.300000e-01 3.466525e-01 5.217751e-01
6.150000e-01 -1.300000e-01 3.466525e-01 5.217751e-01 6.200000e-01 -1.250000e-01 3.456507e-01 5.246037e-01
-2.500000e-02 -1.200000e-01 3.464133e-01 4.518750e-01 -3.000000e-02 -1.150000e-01 3.471868e-01 4.531092e-01
-2.000000e-02 -1.250000e-01 3.455700e-01 4.505947e-01 -2.500000e-02 -1.200000e-01 3.464133e-01 4.518750e-01
6.200000e-01 -1.250000e-01 3.456507e-01 5.246037e-01 6.250000e-01 -1.200000e-01 3.445674e-01 5.273684e-01
6.250000e-01 -1.200000e-01 3.445674e-01 5.273684e-01 6.350000e-01 -1.200000e-01 3.458236e-01 5.240185e-01
6.350000e-01 -1.200000e-01 3.458236e-01 5.240185e-01 6.400000e-01 -1.150000e-01 3.448171e-01 5.266229e-01
-4.500000e-02 -1.100000e-01 3.448488e-01 4.496097e-01 -5.000000e-02 -1.050000e-01 3.455180e-01 4.506722e-01
-4.500000e-02 -1.100000e-01 3.448488e-01 4.496097e-01 -3.500000e-02 -1.100000e-01 3.480047e-01 4.542539e-01
-3.000000e-02 -1.150000e-01 3.471868e-01 4.531092e-01 -3.500000e-02 -1.100000e-01 3.480047e-01 4.542539e-01
6.400000e-01 -1.150000e-01 3.448171e-01 5.266229e-01 6.450000e-01 -1.100000e-01 3.437323e-01 5.291574e-01
6.450000e-01 -1.100000e-01 3.437323e-01 5.291574e-01 6.550000e-01 -1.100000e-01 3.452326e-01 5.255782e-01
6.550000e-01 -1.100000e-01 3.452326e-01 5.255782e-01 6.600000e-01 -1.050000e-01 3.442419e-01 5.279600e-01
-5.500000e-02 -1.000000e-01 3.462250e-01 4.516443e-01 -6.000000e-02 -9.500000e-02 3.468536e-01 4.525806e-01
-5.000000e-02 -1.050000e-01 3.455180e-01 4.506722e-01 -5.500000e-02 -1.000000e-01 3.462250e-01 4.516443e-01
6.600000e-01 -1.050000e-01 3.442419e-01 5.279600e-01 6.650000e-01 -1.000000e-01 3.431769e-01 5.302662e-01
6.650000e-01 -1.000000e-01 3.431769e-01 5.302662e-01 6.700000e-01 -9.500000e-02 3.421659e-01 5.324992e-01
-6.500000e-02 -9.000000e-02 3.475161e-01 4.534253e-01 -7.000000e-02 -8.500000e-02 3.480966e-01 4.542381e-01
-6.000000e-02 -9.500000e-02 3.468536e-01 4.525806e-01 -6.500000e-02 -9.000000e-02 3.475161e-01 4.534253e-01
6.700000e-01 -9.500000e-02 3.421659e-01 5.324992e-01 6.750000e-01 -9.000000e-02 3.410826e-01 5.346527e-01
6.750000e-01 -9.000000e-02 3.410826e-01 5.346527e-01 6.850000e-01 -9.000000e-02 3.429656e-01 5.307213e-01
6.850000e-01 -9.000000e-02 3.429656e-01 5.307213e-01 6.900000e-01 -8.500000e-02 3.420034e-01 5.327353e-01
-7.500000e-02 -8.000000e-02 3.487069e-01 4.549582e-01 -8.000000e-02 -7.500000e-02 3.492322e-01 4.556507e-01
-7.000000e-02 -8.500000e-02 3.480966e-01 4.542381e-01 -7.500000e-02 -8.000000e-02 3.487069e-01 4.549582e-01
6.900000e-01 -8.500000e-02 3.420034e-01 5.327353e-01 6.950000e-01 -8.000000e-02 3.409743e-01 5.346652e-01
6.950000e-01 -8.000000e-02 3.409743e-01 5.346652e-01 7.000000e-01 -7.500000e-02 3.400121e-01 5.365294e-01
-9.500000e-02 -7.000000e-02 3.458196e-01 4.513606e-01 -1.000000e-01 -6.500000e-02 3.461945e-01 4.519159e-01
-9.500000e-02 -7.000000e-02 3.458196e-01 4.513606e-01 -8.500000e-02 -7.000000e-02 3.497829e-01 4.562496e-01
-8.000000e-02 -7.500000e-02 3.492322e-01 4.556507e-01 -8.500000e-02 -7.000000e-02 3.497829e-01 4.562496e-01
7.000000e-01 -7.500000e-02 3.400121e-01 5.365294e-01 7.050000e-01 -7.000000e-02 3.389858e-01 5.383059e-01
7.050000e-01 -7.000000e-02 3.389858e-01 5.383059e-01 7.150000e-01 -7.000000e-02 3.413120e-01 5.340707e-01
7.150000e-01 -7.000000e-02 3.413120e-01 5.340707e-01 7.200000e-01 -6.500000e-02 3.404316e-01 5.357251e-01
-1.050000e-01 -6.000000e-02 3.465877e-01 4.523791e-01 -1.100000e-01 -5.500000e-02 3.468907e-01 4.528261e-01
-1.000000e-01 -6.500000e-02 3.461945e-01 4.519159e-01 -1.050000e-01 -6.000000e-02 3.465877e-01 4.523791e-01
7.200000e-01 -6.500000e-02 3.404316e-01 5.357251e-01 7.250000e-01 -6.000000e-02 3.394935e-01 5.372883e-01
7.250000e-01 -6.000000e-02 3.394935e-01 5.372883e-01 7.300000e-01 -5.500000e-02 3.386341e-01 5.387954e-01
-1.150000e-01 -5.000000e-02 3.472074e-01 4.531811e-01 -1.200000e-01 -4.500000e-02 3.474318e-01 4.535245e-01
-1.100000e-01 -5.500000e-02 3.468907e-01 4.528261e-01 -1.150000e-01 -5.000000e-02 3.472074e-01 4.531811e-01
7.300000e-01 -5.500000e-02 3.386341e-01 5.387954e-01 7.350000e-01 -5.000000e-02 3.377204e-01 5.402081e-01
7.350000e-01 -5.000000e-02 3.377204e-01 5.402081e-01 7.400000e-01 -4.500000e-02 3.368901e-01 5.415686e-01
-1.250000e-01 -4.000000e-02 3.476655e-01 4.537762e-01 -1.300000e-01 -3.500000e-02 3.478050e-01 4.540209e-01
-1.200000e-01 -4.500000e-02 3.474318e-01 4.535245e-01 -1.250000e-01 -4.000000e-02 3.476655e-01 4.537762e-01
7.400000e-01 -4.500000e-02 3.368901e-01 5.415686e-01 7.450000e-01 -4.000000e-02 3.360094e-01 5.428319e-01
7.450000e-01 -4.000000e-02 3.360094e-01 5.428319e-01 7.550000e-01 -4.000000e-02 3.390016e-01 5.382532e-01
7.550000e-01 -4.000000e-02 3.390016e-01 5.382532e-01 7.600000e-01 -3.500000e-02 3.382968e-01 5.394236e-01
-1.300000e-01 -3.500000e-02 3.478050e-01 4.540209e-01 -1.300000e-01 -2.500000e-02 3.527958e-01 4.593190e-01
7.600000e-01 -3.500000e-02 3.382968e-01 5.394236e-01 7.650000e-01 -3.000000e-02 3.375496e-01 5.404950e-01
7.650000e-01 -3.000000e-02 3.375496e-01 5.404950e-01 7.700000e-01 -2.500000e-02 3.368944e-01 5.415261e-01
-1.350000e-01 -2.000000e-02 3.529423e-01 4.593802e-01 -1.400000e-01 -1.500000e-02 3.529909e-01 4.594415e-01
-1.300000e-01 -2.500000e-02 3.527958e-01 4.593190e-01 -1.350000e-01 -2.000000e-02 3.529423e-01 4.593802e-01
7.700000e-01 -2.500000e-02 3.368944e-01 5.415261e-01 7.750000e-01 -2.000000e-02 3.362013e-01 5.424561e-01
7.750000e-01 -2.000000e-02 3.362013e-01 5.424561e-01 7.800000e-01 -1.500000e-02 3.356039e-01 5.433504e-01
-1.450000e-01 -1.000000e-02 3.530370e-01 4.594116e-01 -1.500000e-01 -5.000000e-03 3.529842e-01 4.593864e-01
-1.400000e-01 -1.500000e-02 3.529909e-01 4.594415e-01 -1.450000e-01 -1.000000e-02 3.530370e-01 4.594116e-01
7.800000e-01 -1.500000e-02 3.356039e-01 5.433504e-01 7.850000e-01 -1.000000e-02 3.349731e-01 5.441421e-01
7.850000e-01 -1.000000e-02 3.349731e-01 5.441421e-01 7.900000e-01 -5.000000e-03 3.344413e-01 5.449028e-01
-1.550000e-01 1.066855e-16 3.529243e-01 4.592715e-01 -1.600000e-01 5.000000e-03 3.527649e-01 4.591661e-01
-1.500000e-01 -5.000000e-03 3.529842e-01 4.593864e-01 -1.550000e-01 1.066855e-16 3.529243e-01 4.592715e-01
7.900000e-01 -5.000000e-03 3.344413e-01 5.449028e-01 7.950000e-01 1.066855e-16 3.338812e-01 5.455595e-01
7.950000e-01 1.066855e-16 3.338812e-01 5.455595e-01 8.000000e-01 5.000000e-03 3.334231e-01 5.461904e-01
-1.650000e-01 1.000000e-02 3.525937e-01 4.589729e-01 -1.700000e-01 1.500000e-02 3.523227e-01 4.587937e-01
-1.600000e-01 5.000000e-03 3.527649e-01 4.591661e-01 -1.650000e-01 1.000000e-02 3.525937e-01 4.589729e-01
8.000000e-01 5.000000e-03 3.334231e-01 5.461904e-01 8.050000e-01 1.000000e-02 3.329417e-01 5.467162e-01
8.050000e-01 1.000000e-02 3.329417e-01 5.467162e-01 8.100000e-01 1.500000e-02 3.325648e-01 5.472213e-01
-1.700000e-01 1.500000e-02 3.523227e-01 4.587937e-01 -1.700000e-01 2.500000e-02 3.572962e-01 4.632374e-01
8.100000e-01 1.500000e-02 3.325648e-01 5.472213e-01 8.150000e-01 2.000000e-02 3.321700e-01 5.476208e-01
8.150000e-01 2.000000e-02 3.321700e-01 5.476208e-01 8.200000e-01 2.500000e-02 3.318818e-01 5.480050e-01
-1.750000e-01 3.000000e-02 3.569896e-01 4.628864e-01 -1.800000e-01 3.500000e-02 3.565815e-01 4.625568e-01
-1.700000e-01 2.500000e-02 3.572962e-01 4.632374e-01 -1.750000e-01 3.000000e-02 3.569896e-01 4.628864e-01
8.200000e-01 2.500000e-02 3.318818e-01 5.480050e-01 8.250000e-01 3.000000e-02 3.315811e-01 5.482834e-01
8.250000e-01 3.000000e-02 3.315811e-01 5.482834e-01 8.300000e-01 3.500000e-02 3.313889e-01 5.485518e-01
-1.850000e-01 4.000000e-02 3.561497e-01 4.621438e-01 -1.900000e-01 4.500000e-02 3.556171e-01 4.617567e-01
-1.800000e-01 3.500000e-02 3.565815e-01 4.625568e-01 -1.850000e-01 4.000000e-02 3.561497e-01 4.621438e-01
8.300000e-01 3.500000e-02 3.313889e-01 5.485518e-01 8.350000e-01 4.000000e-02 3.311896e-01 5.487146e-01
8.350000e-01 4.000000e-02 3.311896e-01 5.487146e-01 8.400000e-01 4.500000e-02 3.311001e-01 5.488730e-01
-1.900000e-01 4.500000e-02 3.556171e-01 4.617567e-01 -1.900000e-01 5.500000e-02 3.605173e-01 4.657213e-01
8.400000e-01 4.500000e-02 3.311001e-01 5.488730e-01 8.450000e-01 5.000000e-02 3.310091e-01 5.489263e-01
8.450000e-01 5.000000e-02 3.310091e-01 5.489263e-01 8.500000e-01 5.500000e-02 3.310289e-01 5.489808e-01
-1.950000e-01 6.000000e-02 3.599256e-01 4.651732e-01 -2.000000e-01 6.500000e-02 3.592326e-01 4.646583e-01
-1.900000e-01 5.500000e-02 3.605173e-01 4.657213e-01 -1.950000e-01 6.000000e-02 3.599256e-01 4.651732e-01
8.500000e-01 5.500000e-02 3.310289e-01 5.489808e-01 8.550000e-01 6.000000e-02 3.310526e-01 5.489312e-01
8.550000e-01 6.000000e-02 3.310526e-01 5.489312e-01 8.600000e-01 6.500000e-02 3.311877e-01 5.488883e-01
-2.050000e-01 7.000000e-02 3.585043e-01 4.640663e-01 -2.100000e-01 7.500000e-02 3.576764e-01 4.635117e-01
-2.000000e-01 6.500000e-02 3.592326e-01 4.646583e-01 -2.050000e-01 7.000000e-02 3.585043e-01 4.640663e-01
8.600000e-01 6.500000e-02 3.311877e-01 5.488883e-01 8.650000e-01 7.000000e-02 3.313323e-01 5.487427e-01
8.650000e-01 7.000000e-02 3.313323e-01 5.487427e-01 8.700000e-01 7.500000e-02 3.315883e-01 5.486091e-01
-2.100000e-01 7.500000e-02 3.576764e-01 4.635117e-01 -2.100000e-01 8.500000e-02 3.624424e-01 4.670211e-01
8.700000e-01 7.500000e-02 3.315883e-01 5.486091e-01 8.700000e-01 8.500000e-02 3.266193e-01 5.531092e-01
-2.150000e-01 9.000000e-02 3.615330e-01 4.663202e-01 -2.200000e-01 9.500000e-02 3.605247e-01 4.656635e-01
-2.100000e-01 8.500000e-02 3.624424e-01 4.670211e-01 -2.150000e-01 9.000000e-02 3.615330e-01 4.663202e-01
8.700000e-01 8.500000e-02 3.266193e-01 5.531092e-01 8.750000e-01 9.000000e-02 3.269082e-01 5.527728e-01
8.750000e-01 9.000000e-02 3.269082e-01 5.527728e-01 8.800000e-01 9.500000e-02 3.273103e-01 5.524572e-01
-2.200000e-01 9.500000e-02 3.605247e-01 4.656635e-01 -2.200000e-01 1.050000e-01 3.651967e-01 4.688843e-01
8.800000e-01 9.500000e-02 3.273103e-01 5.524572e-01 8.850000e-01 1.000000e-01 3.277360e-01 5.520420e-01
8.850000e-01 1.000000e-01 3.277360e-01 5.520420e-01 8.900000e-01 1.050000e-01 3.282739e-01 5.516529e-01
-2.250000e-01 1.100000e-01 3.640935e-01 4.680914e-01 -2.300000e-01 1.150000e-01 3.628934e-01 4.673491e-01
-2.200000e-01 1.050000e-01 3.651967e-01 4.688843e-01 -2.250000e-01 1.100000e-01 3.640935e-01 4.680914e-01
8.900000e-01 1.050000e-01 3.282739e-01 5.516529e-01 8.950000e-01 1.100000e-01 3.288406e-01 5.511671e-01
8.950000e-01 1.100000e-01 3.288406e-01 5.511671e-01 9.000000e-01 1.150000e-01 3.295182e-01 5.507126e-01
-2.300000e-01 1.150000e-01 3.628934e-01 4.673491e-01 -2.300000e-01 1.250000e-01 3.674483e-01 4.702926e-01
9.000000e-01 1.150000e-01 3.295182e-01 5.507126e-01 9.000000e-01 1.250000e-01 3.246803e-01 5.544538e-01
-2.350000e-01 1.300000e-01 3.661405e-01 4.694253e-01 -2.400000e-01 1.350000e-01 3.647384e-01 4.686149e-01
-2.300000e-01 1.250000e-01 3.674483e-01 4.702926e-01 -2.350000e-01 1.300000e-01 3.661405e-01 4.694253e-01
9.000000e-01 1.250000e-01 3.246803e-01 5.544538e-01 9.050000e-01 1.300000e-01 3.254289e-01 5.538120e-01
9.050000e-01 1.300000e-01 3.254289e-01 5.538120e-01 9.100000e-01 1.350000e-01 3.262880e-01 5.532099e-01
-2.400000e-01 1.350000e-01 3.647384e-01 4.686149e-01 -2.400000e-01 1.450000e-01 3.691539e-01 4.712949e-01
9.100000e-01 1.350000e-01 3.262880e-01 5.532099e-01 9.150000e-01 1.400000e-01 3.271893e-01 5.525180e-01
9.150000e-01 1.400000e-01 3.271893e-01 5.525180e-01 9.200000e-01 1.450000e-01 3.281987e-01 5.518704e-01
-2.400000e-01 1.450000e-01 3.691539e-01 4.712949e-01 -2.400000e-01 1.550000e-01 3.735367e-01 4.738315e-01
9.200000e-01 1.450000e-01 3.281987e-01 5.518704e-01 9.200000e-01 1.550000e-01 3.235252e-01 5.550766e-01
-2.450000e-01 1.600000e-01 3.719508e-01 4.728554e-01 -2.500000e-01 1.650000e-01 3.702743e-01 4.719447e-01
-2.400000e-01 1.550000e-01 3.735367e-01 4.738315e-01 -2.450000e-01 1.600000e-01 3.719508e-01 4.728554e-01
9.200000e-01 1.550000e-01 3.235252e-01 5.550766e-01 9.250000e-01 1.600000e-01 3.246315e-01 5.542580e-01
9.250000e-01 1.600000e-01 3.246315e-01 5.542580e-01 9.300000e-01 1.650000e-01 3.258439e-01 5.534919e-01
-2.500000e-01 1.650000e-01 3.702743e-01 4.719447e-01 -2.500000e-01 1.750000e-01 3.744863e-01 4.742381e-01
9.300000e-01 1.650000e-01 3.258439e-01 5.534919e-01 9.350000e-01 1.700000e-01 3.271106e-01 5.526452e-01
9.350000e-01 1.700000e-01 3.271106e-01 5.526452e-01 9.400000e-01 1.750000e-01 3.284801e-01 5.518549e-01
-2.550000e-01 1.800000e-01 3.726740e-01 4.732331e-01 -2.600000e-01 1.850000e-01 3.707756e-01 4.722984e-01
-2.500000e-01 1.750000e-01 3.744863e-01 4.742381e-01 -2.550000e-01 1.800000e-01 3.726740e-01 4.732331e-01
9.400000e-01 1.750000e-01 3.284801e-01 5.518549e-01 9.400000e-01 1.850000e-01 3.240396e-01 5.545626e-01
-2.600000e-01 1.850000e-01 3.707756e-01 4.722984e-01 -2.600000e-01 1.950000e-01 3.747971e-01 4.743682e-01
9.400000e-01 1.850000e-01 3.240396e-01 5.545626e-01 9.450000e-01 1.900000e-01 3.255293e-01 5.536221e-01
9.450000e-01 1.900000e-01 3.255293e-01 5.536221e-01 9.500000e-01 1.950000e-01 3.271181e-01 5.527452e-01
-2.600000e-01 1.950000e-01 3.747971e-01 4.743682e-01 -2.600000e-01 2.050000e-01 3.787615e-01 4.763044e-01
9.500000e-01 1.950000e-01 3.271181e-01 5.527452e-01 9.500000e-01 2.050000e-01 3.228358e-01 5.551347e-01
-2.650000e-01 2.100000e-01 3.766419e-01 4.752552e-01 -2.700000e-01 2.150000e-01 3.744423e-01 4.742829e-01
-2.600000e-01 2.050000e-01 3.787615e-01 4.763044e-01 -2.650000e-01 2.100000e-01 3.766419e-01 4.752552e-01
9.500000e-01 2.050000e-01 3.228358e-01 5.551347e-01 9.550000e-01 2.100000e-01 3.245585e-01 5.541213e-01
9.550000e-01 2.100000e-01 3.245585e-01 5.541213e-01 9.600000e-01 2.150000e-01 3.263759e-01 5.531780e-01
-2.700000e-01 2.150000e-01 3.744423e-01 4.742829e-01 -2.700000e-01 2.250000e-01 3.781889e-01 4.760238e-01
9.600000e-01 2.150000e-01 3.263759e-01 5.531780e-01 9.650000e-01 2.200000e-01 3.282647e-01 5.521730e-01
9.650000e-01 2.200000e-01 3.282647e-01 5.521730e-01 9.700000e-01 2.250000e-01 3.302439e-01 5.512407e-01
-2.700000e-01 2.250000e-01 3.781889e-01 4.760238e-01 -2.700000e-01 2.350000e-01 3.818645e-01 4.776394e-01
9.700000e-01 2.250000e-01 3.302439e-01 5.512407e-01 9.700000e-01 2.350000e-01 3.262937e-01 5.532132e-01
-2.700000e-01 2.350000e-01 3.818645e-01 4.776394e-01 -2.700000e-01 2.450000e-01 3.854645e-01 4.791314e-01
9.700000e-01 2.350000e-01 3.262937e-01 5.532132e-01 9.750000e-01 2.400000e-01 3.284237e-01 5.521710e-01
9.750000e-01 2.400000e-01 3.284237e-01 5.521710e-01 9.800000e-01 2.450000e-01 3.306384e-01 5.512068e-01
-2.750000e-01 2.500000e-01 3.829424e-01 4.780569e-01 -2.800000e-01 2.550000e-01 3.803493e-01 4.770664e-01
-2.700000e-01 2.450000e-01 3.854645e-01 4.791314e-01 -2.750000e-01 2.500000e-01 3.829424e-01 4.780569e-01
9.800000e-01 2.450000e-01 3.306384e-01 5.512068e-01 9.800000e-01 2.550000e-01 3.269057e-01 5.529146e-01
-2.800000e-01 2.550000e-01 3.803493e-01 4.770664e-01 -2.800000e-01 2.650000e-01 3.836994e-01 4.784041e-01
9.800000e-01 2.550000e-01 3.269057e-01 5.529146e-01 9.850000e-01 2.600000e-01 3.292810e-01 5.518575e-01
9.850000e-01 2.600000e-01 3.292810e-01 5.518575e-01 9.900000e-01 2.650000e-01 3.317346e-01 5.508827e-01
-2.800000e-01 2.650000e-01 3.836994e-01 4.784041e-01 -2.800000e-01 2.750000e-01 3.869611e-01 4.796294e-01
9.900000e-01 2.650000e-01 3.317346e-01 5.508827e-01 9.900000e-01 2.750000e-01 3.282394e-01 5.523492e-01
-2.800000e-01 2.750000e-01 3.869611e-01 4.796294e-01 -2.800000e-01 2.850000e-01 3.901301e-01 4.807452e-01
9.900000e-01 2.750000e-01 3.282394e-01 5.523492e-01 9.900000e-01 2.850000e-01 3.248253e-01 5.536628e-01
-2.800000e-01 2.850000e-01 3.901301e-01 4.807452e-01 -2.800000e-01 2.950000e-01 3.932020e-01 4.817543e-01
9.900000e-01 2.850000e-01 3.248253e-01 5.536628e-01 9.950000e-01 2.900000e-01 3.275351e-01 5.525804e-01
9.950000e-01 2.900000e-01 3.275351e-01 5.525804e-01 1.000000e+00 2.950000e-01 3.303149e-01 5.515861e-01
-2.850000e-01 3.000000e-01 3.901727e-01 4.807222e-01 -2.900000e-01 3.050000e-01 3.870853e-01 4.797799e-01
-2.800000e-01 2.950000e-01 3.932020e-01 4.817543e-01 -2.850000e-01 3.000000e-01 3.901727e-01 4.807222e-01
1.000000e+00 2.950000e-01 3.303149e-01 5.515861e-01 1.000000e+00 3.050000e-01 3.271660e-01 5.526927e-01
-2.900000e-01 3.050000e-01 3.870853e-01 4.797799e-01 -2.900000e-01 3.150000e-01 3.898754e-01 4.806925e-01
1.000000e+00 3.050000e-01 3.271660e-01 5.526927e-01 1.005000e+00 3.100000e-01 3.301241e-01 5.516490e-01
1.005000e+00 3.100000e-01 3.301241e-01 5.516490e-01 1.010000e+00 3.150000e-01 3.331451e-01 5.506954e-01
-2.900000e-01 3.150000e-01 3.898754e-01 4.806925e-01 -2.900000e-01 3.250000e-01 3.925578e-01 4.815132e-01
1.010000e+00 3.150000e-01 3.331451e-01 5.506954e-01 1.010000e+00 3.250000e-01 3.302751e-01 5.516234e-01
-2.900000e-01 3.250000e-01 3.925578e-01 4.815132e-01 -2.900000e-01 3.350000e-01 3.951289e-01 4.822457e-01
1.010000e+00 3.250000e-01 3.302751e-01 5.516234e-01 1.010000e+00 3.350000e-01 3.275106e-01 5.524193e-01
-2.900000e-01 3.350000e-01 3.951289e-01 4.822457e-01 -2.900000e-01 3.450000e-01 3.975849e-01 4.828942e-01
1.010000e+00 3.350000e-01 3.275106e-01 5.524193e-01 1.015000e+00 3.400000e-01 3.308064e-01 5.514262e-01
1.015000e+00 3.400000e-01 3.308064e-01 5.514262e-01 1.020000e+00 3.450000e-01 3.341550e-01 5.505257e-01
-2.900000e-01 3.450000e-01 3.975849e-01 4.828942e-01 -2.900000e-01 3.550000e-01 3.999222e-01 4.834630e-01
1.020000e+00 3.450000e-01 3.341550e-01 5.505257e-01 1.020000e+00 3.550000e-01 3.316880e-01 5.511837e-01
-2.900000e-01 3.550000e-01 3.999222e-01 4.834630e-01 -2.900000e-01 3.650000e-01 4.021375e-01 4.839568e-01
1.020000e+00 3.550000e-01 3.316880e-01 5.511837e-01 1.020000e+00 3.650000e-01 3.293392e-01 5.517242e-01
-2.900000e-01 3.650000e-01 4.021375e-01 4.839568e-01 -2.900000e-01 3.750000e-01 4.042275e-01 4.843803e-01
1.020000e+00 3.650000e-01 3.293392e-01 5.517242e-01 1.025000e+00 3.700000e-01 3.329672e-01 5.508251e-01
1.025000e+00 3.700000e-01 3.329672e-01 5.508251e-01 1.030000e+00 3.750000e-01 3.366378e-01 5.500191e-01
-2.900000e-01 3.750000e-01 4.042275e-01 4.843803e-01 -2.900000e-01 3.850000e-01 4.061890e-01 4.847385e-01
1.030000e+00 3.750000e-01 3.366378e-01 5.500191e-01 1.030000e+00 3.850000e-01 3.345989e-01 5.504648e-01
-2.900000e-01 3.850000e-01 4.061890e-01 4.847385e-01 -2.900000e-01 3.950000e-01 4.080191e-01 4.850366e-01
1.030000e+00 3.850000e-01 3.345989e-01 5.504648e-01 1.030000e+00 3.950000e-01 3.326884e-01 5.508099e-01
-2.900000e-01 3.950000e-01 4.080191e-01 4.850366e-01 -2.900000e-01 4.050000e-01 4.097153e-01 4.852799e-01
1.030000e+00 3.950000e-01 3.326884e-01 5.508099e-01 1.035000e+00 4.000000e-01 3.366370e-01 5.500456e-01
1.035000e+00 4.000000e-01 3.366370e-01 5.500456e-01 1.040000e+00 4.050000e-01 3.406182e-01 5.493731e-01
-2.900000e-01 4.050000e-01 4.097153e-01 4.852799e-01 -2.900000e-01 4.150000e-01 4.112749e-01 4.854739e-01
1.040000e+00 4.050000e-01 3.406182e-01 5.493731e-01 1.040000e+00 4.150000e-01 3.390236e-01 5.496673e-01
-2.900000e-01 4.150000e-01 4.112749e-01 4.854739e-01 -2.900000e-01 4.250000e-01 4.126956e-01 4.856243e-01
1.040000e+00 4.150000e-01 3.390236e-01 5.496673e-01 1.040000e+00 4.250000e-01 3.375652e-01 5.498790e-01
-2.900000e-01 4.250000e-01 4.126956e-01 4.856243e-01 -2.900000e-01 4.350000e-01 4.139755e-01 4.857368e-01
1.040000e+00 4.250000e-01 3.375652e-01 5.498790e-01 1.040000e+00 4.350000e-01 3.362462e-01 5.500135e-01
-2.900000e-01 4.350000e-01 4.139755e-01 4.857368e-01 -2.900000e-01 4.450000e-01 4.151127e-01 4.858174e-01
1.040000e+00 4.350000e-01 3.362462e-01 5.500135e-01 1.045000e+00 4.400000e-01 3.405878e-01 5.494566e-01
1.045000e+00 4.400000e-01 3.405878e-01 5.494566e-01 1.050000e+00 4.450000e-01 3.449497e-01 5.489877e-01
-2.900000e-01 4.450000e-01 4.151127e-01 4.858174e-01 -2.900000e-01 4.550000e-01 4.161058e-01 4.858720e-01
1.050000e+00 4.450000e-01 3.449497e-01 5.489877e-01 1.050000e+00 4.550000e-01 3.439482e-01 5.491286e-01
-2.900000e-01 4.550000e-01 4.161058e-01 4.858720e-01 -2.900000e-01 4.650000e-01 4.169533e-01 4.859068e-01
1.050000e+00 4.550000e-01 3.439482e-01 5.491286e-01 1.050000e+00 4.650000e-01 3.430900e-01 5.492116e-01
-2.900000e-01 4.650000e-01 4.169533e-01 4.859068e-01 -2.900000e-01 4.750000e-01 4.176544e-01 4.859278e-01
1.050000e+00 4.650000e-01 3.430900e-01 5.492116e-01 1.050000e+00 4.750000e-01 3.423775e-01 5.492425e-01
-2.900000e-01 4.750000e-01 4.176544e-01 4.859278e-01 -2.900000e-01 4.850000e-01 4.182082e-01 4.859414e-01
1.050000e+00 4.750000e-01 3.423775e-01 5.492425e-01 1.050000e+00 4.850000e-01 3.418125e-01 5.492273e-01
-2.900000e-01 4.850000e-01 4.182082e-01 4.859414e-01 -2.900000e-01 4.950000e-01 4.186142e-01 4.859536e-01
1.050000e+00 4.850000e-01 3.418125e-01 5.492273e-01 1.055000e+00 4.900000e-01 3.465957e-01 5.489918e-01
1.055000e+00 4.900000e-01 3.465957e-01 5.489918e-01 1.060000e+00 4.950000e-01 3.513854e-01 5.488362e-01
-2.900000e-01 4.950000e-01 4.186142e-01 4.859536e-01 -2.900000e-01 5.050000e-01 4.188723e-01 4.859706e-01
1.060000e+00 4.950000e-01 3.513854e-01 5.488362e-01 1.060000e+00 5.050000e-01 3.511278e-01 5.488960e-01
-2.900000e-01 5.050000e-01 4.188723e-01 4.859706e-01 -2.900000e-01 5.150000e-01 4.189826e-01 4.859988e-01
1.060000e+00 5.050000e-01 3.511278e-01 5.488960e-01 1.060000e+00 5.150000e-01 3.510174e-01 5.489293e-01
-2.900000e-01 5.150000e-01 4.189826e-01 4.859988e-01 -2.900000e-01 5.250000e-01 4.189454e-01 4.860443e-01
1.060000e+00 5.150000e-01 3.510174e-01 5.489293e-01 1.060000e+00 5.250000e-01 3.510548e-01 5.489421e-01
-2.900000e-01 5.250000e-01 4.189454e-01 4.860443e-01 -2.850000e-01 5.300000e-01 4.238513e-01 4.859868e-01
-2.850000e-01 5.300000e-01 4.238513e-01 4.859868e-01 -2.800000e-01 5.350000e-01 4.287544e-01 4.858521e-01
1.060000e+00 5.250000e-01 3.510548e-01 5.489421e-01 1.060000e+00 5.350000e-01 3.512408e-01 5.489407e-01
-2.800000e-01 5.350000e-01 4.287544e-01 4.858521e-01 -2.800000e-01 5.450000e-01 4.284144e-01 4.858028e-01
1.060000e+00 5.350000e-01 3.512408e-01 5.489407e-01 1.060000e+00 5.450000e-01 3.515753e-01 5.489314e-01
-2.800000e-01 5.450000e-01 4.284144e-01 4.858028e-01 -2.800000e-01 5.550000e-01 4.279252e-01 4.857903e-01
1.060000e+00 5.450000e-01 3.515753e-01 5.489314e-01 1.060000e+00 5.550000e-01 3.520583e-01 5.489203e-01
-2.800000e-01 5.550000e-01 4.279252e-01 4.857903e-01 -2.800000e-01 5.650000e-01 4.272884e-01 4.858207e-01
1.060000e+00 5.550000e-01 3.520583e-01 5.489203e-01 1.060000e+00 5.650000e-01 3.526896e-01 5.489137e-01
-2.800000e-01 5.650000e-01 4.272884e-01 4.858207e-01 -2.800000e-01 5.750000e-01 4.265057e-01 4.858999e-01
1.060000e+00 5.650000e-01 3.526896e-01 5.489137e-01 1.060000e+00 5.750000e-01 3.534684e-01 5.489180e-01
-2.800000e-01 5.750000e-01 4.265057e-01 4.858999e-01 -2.800000e-01 5.850000e-01 4.255790e-01 4.860339e-01
1.060000e+00 5.750000e-01 3.534684e-01 5.489180e-01 1.060000e+00 5.850000e-01 3.543940e-01 5.489392e-01
-2.800000e-01 5.850000e-01 4.255790e-01 4.860339e-01 -2.750000e-01 5.900000e-01 4.299865e-01 4.855971e-01
-2.750000e-01 5.900000e-01 4.299865e-01 4.855971e-01 -2.700000e-01 5.950000e-01 4.343751e-01 4.850731e-01
1.060000e+00 5.850000e-01 3.543940e-01 5.489392e-01 1.060000e+00 5.950000e-01 3.554650e-01 5.489836e-01
-2.700000e-01 5.950000e-01 4.343751e-01 4.850731e-01 -2.700000e-01 6.050000e-01 4.331319e-01 4.851936e-01
1.060000e+00 5.950000e-01 3.554650e-01 5.489836e-01 1.065000e+00 6.000000e-01 3.609980e-01 5.496279e-01
1.065000e+00 6.000000e-01 3.609980e-01 5.496279e-01 1.070000e+00 6.050000e-01 3.665167e-01 5.503254e-01
-2.700000e-01 6.050000e-01 4.331319e-01 4.851936e-01 -2.700000e-01 6.150000e-01 4.317483e-01 4.853882e-01
1.070000e+00 6.050000e-01 3.665167e-01 5.503254e-01 1.070000e+00 6.150000e-01 3.678355e-01 5.505738e-01
-2.700000e-01 6.150000e-01 4.317483e-01 4.853882e-01 -2.700000e-01 6.250000e-01 4.302276e-01 4.856623e-01
1.070000e+00 6.150000e-01 3.678355e-01 5.505738e-01 1.070000e+00 6.250000e-01 3.692910e-01 5.508613e-01
-2.700000e-01 6.250000e-01 4.302276e-01 4.856623e-01 -2.650000e-01 6.300000e-01 4.342582e-01 4.850145e-01
-2.650000e-01 6.300000e-01 4.342582e-01 4.850145e-01 -2.600000e-01 6.350000e-01 4.382578e-01 4.842754e-01
1.070000e+00 6.250000e-01 3.692910e-01 5.508613e-01 1.070000e+00 6.350000e-01 3.708811e-01 5.511934e-01
-2.600000e-01 6.350000e-01 4.382578e-01 4.842754e-01 -2.600000e-01 6.450000e-01 4.364206e-01 4.845931e-01
1.065000e+00 6.400000e-01 3.668968e-01 5.505234e-01 1.060000e+00 6.450000e-01 3.629442e-01 5.497622e-01
1.070000e+00 6.350000e-01 3.708811e-01 5.511934e-01 1.065000e+00 6.400000e-01 3.668968e-01 5.505234e-01
-2.600000e-01 6.450000e-01 4.364206e-01 4.845931e-01 -2.600000e-01 6.550000e-01 4.344536e-01 4.850086e-01
1.060000e+00 6.450000e-01 3.629442e-01 5.497622e-01 1.060000e+00 6.550000e-01 3.648496e-01 5.500694e-01
-2.600000e-01 6.550000e-01 4.344536e-01 4.850086e-01 -2.550000e-01 6.600000e-01 4.381760e-01 4.842212e-01
-2.550000e-01 6.600000e-01 4.381760e-01 4.842212e-01 -2.500000e-01 6.650000e-01 4.418574e-01 4.833407e-01
1.060000e+00 6.550000e-01 3.648496e-01 5.500694e-01 1.060000e+00 6.650000e-01 3.668854e-01 5.504399e-01
-2.500000e-01 6.650000e-01 4.418574e-01 4.833407e-01 -2.500000e-01 6.750000e-01 4.395789e-01 4.838439e-01
1.060000e+00 6.650000e-01 3.668854e-01 5.504399e-01 1.060000e+00 6.750000e-01 3.690485e-01 5.508787e-01
-2.500000e-01 6.750000e-01 4.395789e-01 4.838439e-01 -2.500000e-01 6.850000e-01 4.371804e-01 4.844618e-01
1.060000e+00 6.750000e-01 3.690485e-01 5.508787e-01 1.060000e+00 6.850000e-01 3.713359e-01 5.513907e-01
-2.500000e-01 6.850000e-01 4.371804e-01 4.844618e-01 -2.450000e-01 6.900000e-01 4.405822e-01 4.835734e-01
-2.450000e-01 6.900000e-01 4.405822e-01 4.835734e-01 -2.400000e-01 6.950000e-01 4.439328e-01 4.825920e-01
1.060000e+00 6.850000e-01 3.713359e-01 5.513907e-01 1.060000e+00 6.950000e-01 3.737440e-01 5.519807e-01
-2.400000e-01 6.950000e-01 4.439328e-01 4.825920e-01 -2.400000e-01 7.050000e-01 4.412343e-01 4.833410e-01
1.060000e+00 6.950000e-01 3.737440e-01 5.519807e-01 1.060000e+00 7.050000e-01 3.762694e-01 5.526531e-01
-2.400000e-01 7.050000e-01 4.412343e-01 4.833410e-01 -2.400000e-01 7.150000e-01 4.384279e-01 4.842198e-01
1.060000e+00 7.050000e-01 3.762694e-01 5.526531e-01 1.060000e+00 7.150000e-01 3.789083e-01 5.534122e-01
-2.400000e-01 7.150000e-01 4.384279e-01 4.842198e-01 -2.350000e-01 7.200000e-01 4.415025e-01 4.832714e-01
-2.350000e-01 7.200000e-01 4.415025e-01 4.832714e-01 -2.300000e-01 7.250000e-01 4.445160e-01 4.822322e-01
1.060000e+00 7.150000e-01 3.789083e-01 5.534122e-01 1.060000e+00 7.250000e-01 3.816572e-01 5.542621e-01
-2.300000e-01 7.250000e-01 4.445160e-01 4.822322e-01 -2.300000e-01 7.350000e-01 4.414271e-01 4.832831e-01
1.060000e+00 7.250000e-01 3.816572e-01 5.542621e-01 1.060000e+00 7.350000e-01 3.845118e-01 5.552065e-01
-2.300000e-01 7.350000e-01 4.414271e-01 4.832831e-01 -2.250000e-01 7.400000e-01 4.442607e-01 4.822891e-01
-2.250000e-01 7.400000e-01 4.442607e-01 4.822891e-01 -2.200000e-01 7.450000e-01 4.470259e-01 4.812061e-01
1.055000e+00 7.400000e-01 3.814782e-01 5.542497e-01 1.050000e+00 7.450000e-01 3.785041e-01 5.532035e-01
1.060000e+00 7.350000e-01 3.845118e-01 5.552065e-01 1.055000e+00 7.400000e-01 3.814782e-01 5.542497e-01
-2.200000e-01 7.450000e-01 4.470259e-01 4.812061e-01 -2.200000e-01 7.550000e-01 4.436679e-01 4.824581e-01
1.050000e+00 7.450000e-01 3.785041e-01 5.532035e-01 1.050000e+00 7.550000e-01 3.816383e-01 5.542510e-01
-2.200000e-01 7.550000e-01 4.436679e-01 4.824581e-01 -2.200000e-01 7.650000e-01 4.402260e-01 4.838616e-01
1.050000e+00 7.550000e-01 3.816383e-01 5.542510e-01 1.050000e+00 7.650000e-01 3.848677e-01 5.554073e-01
-2.200000e-01 7.650000e-01 4.402260e-01 4.838616e-01 -2.150000e-01 7.700000e-01 4.427322e-01 4.828800e-01
-2.150000e-01 7.700000e-01 4.427322e-01 4.828800e-01 -2.100000e-01 7.750000e-01 4.451612e-01 4.818149e-01
1.050000e+00 7.650000e-01 3.848677e-01 5.554073e-01 1.050000e+00 7.750000e-01 3.881877e-01 5.566752e-01
-2.100000e-01 7.750000e-01 4.451612e-01 4.818149e-01 -2.100000e-01 7.850000e-01 4.414770e-01 4.834544e-01
1.050000e+00 7.750000e-01 3.881877e-01 5.566752e-01 1.050000e+00 7.850000e-01 3.915940e-01 5.580576e-01
-2.100000e-01 7.850000e-01 4.414770e-01 4.834544e-01 -2.050000e-01 7.900000e-01 4.437432e-01 4.824785e-01
-2.050000e-01 7.900000e-01 4.437432e-01 4.824785e-01 -2.000000e-01 7.950000e-01 4.459258e-01 4.814233e-01
1.045000e+00 7.900000e-01 3.890537e-01 5.570633e-01 1.040000e+00 7.950000e-01 3.865857e-01 5.559858e-01
1.050000e+00 7.850000e-01 3.915940e-01 5.580576e-01 1.045000e+00 7.900000e-01 3.890537e-01 5.570633e-01
-2.000000e-01 7.950000e-01 4.459258e-01 4.814233e-01 -2.000000e-01 8.050000e-01 4.420187e-01 4.833230e-01
1.040000e+00 7.950000e-01 3.865857e-01 5.559858e-01 1.040000e+00 8.050000e-01 3.902383e-01 5.575282e-01
-2.000000e-01 8.050000e-01 4.420187e-01 4.833230e-01 -1.950000e-01 8.100000e-01 4.440477e-01 4.823742e-01
-1.950000e-01 8.100000e-01 4.440477e-01 4.823742e-01 -1.900000e-01 8.150000e-01 4.459875e-01 4.813511e-01
1.040000e+00 8.050000e-01 3.902383e-01 5.575282e-01 1.040000e+00 8.150000e-01 3.939642e-01 5.591959e-01
-1.900000e-01 8.150000e-01 4.459875e-01 4.813511e-01 -1.900000e-01 8.250000e-01 4.418794e-01 4.835328e-01
1.040000e+00 8.150000e-01 3.939642e-01 5.591959e-01 1.040000e+00 8.250000e-01 3.977589e-01 5.609904e-01
-1.900000e-01 8.250000e-01 4.418794e-01 4.835328e-01 -1.850000e-01 8.300000e-01 4.436764e-01 4.826323e-01
-1.850000e-01 8.300000e-01 4.436764e-01 4.826323e-01 -1.800000e-01 8.350000e-01 4.453790e-01 4.816634e-01
1.035000e+00 8.300000e-01 3.956100e-01 5.600226e-01 1.030000e+00 8.350000e-01 3.935422e-01 5.589791e-01
1.040000e+00 8.250000e-01 3.977589e-01 5.609904e-01 1.035000e+00 8.300000e-01 3.956100e-01 5.600226e-01
-1.800000e-01 8.350000e-01 4.453790e-01 4.816634e-01 -1.750000e-01 8.400000e-01 4.470148e-01 4.807623e-01
-1.750000e-01 8.400000e-01 4.470148e-01 4.807623e-01 -1.700000e-01 8.450000e-01 4.485521e-01 4.797958e-01
1.030000e+00 8.350000e-01 3.935422e-01 5.589791e-01 1.030000e+00 8.450000e-01 3.975502e-01 5.609739e-01
-1.700000e-01 8.450000e-01 4.485521e-01 4.797958e-01 -1.700000e-01 8.550000e-01 4.441396e-01 4.824210e-01
1.030000e+00 8.450000e-01 3.975502e-01 5.609739e-01 1.030000e+00 8.550000e-01 4.016129e-01 5.631033e-01
-1.700000e-01 8.550000e-01 4.441396e-01 4.824210e-01 -1.650000e-01 8.600000e-01 4.455533e-01 4.816022e-01
-1.650000e-01 8.600000e-01 4.455533e-01 4.816022e-01 -1.600000e-01 8.650000e-01 4.468646e-01 4.807252e-01
1.025000e+00 8.600000e-01 3.997629e-01 5.621794e-01 1.020000e+00 8.650000e-01 3.979998e-01 5.611865e-01
1.030000e+00 8.550000e-01 4.016129e-01 5.631033e-01 1.025000e+00 8.600000e-01 3.997629e-01 5.621794e-01
-1.600000e-01 8.650000e-01 4.468646e-01 4.807252e-01 -1.600000e-01 8.750000e-01 4.423140e-01 4.836801e-01
1.020000e+00 8.650000e-01 3.979998e-01 5.611865e-01 1.020000e+00 8.750000e-01 4.022482e-01 5.635438e-01
-1.600000e-01 8.750000e-01 4.423140e-01 4.836801e-01 -1.550000e-01 8.800000e-01 4.435163e-01 4.829631e-01
-1.550000e-01 8.800000e-01 4.435163e-01 4.829631e-01 -1.500000e-01 8.850000e-01 4.446135e-01 4.821954e-01
1.015000e+00 8.800000e-01 4.006183e-01 5.626483e-01 1.010000e+00 8.850000e-01 3.990796e-01 5.616888e-01
1.020000e+00 8.750000e-01 4.022482e-01 5.635438e-01 1.015000e+00 8.800000e-01 4.006183e-01 5.626483e-01
-1.500000e-01 8.850000e-01 4.446135e-01 4.821954e-01 -1.450000e-01 8.900000e-01 4.456621e-01 4.815127e-01
-1.450000e-01 8.900000e-01 4.456621e-01 4.815127e-01 -1.400000e-01 8.950000e-01 4.466027e-01 4.807835e-01
1.010000e+00 8.850000e-01 3.990796e-01 5.616888e-01 1.010000e+00 8.950000e-01 4.034937e-01 5.642929e-01
-1.400000e-01 8.950000e-01 4.466027e-01 4.807835e-01 -1.400000e-01 9.050000e-01 4.418521e-01 4.842540e-01
1.010000e+00 8.950000e-01 4.034937e-01 5.642929e-01 1.010000e+00 9.050000e-01 4.079380e-01 5.670409e-01
-1.400000e-01 9.050000e-01 4.418521e-01 4.842540e-01 -1.350000e-01 9.100000e-01 4.427081e-01 4.837035e-01
-1.350000e-01 9.100000e-01 4.427081e-01 4.837035e-01 -1.300000e-01 9.150000e-01 4.434549e-01 4.831149e-01
1.005000e+00 9.100000e-01 4.065788e-01 5.662514e-01 1.000000e+00 9.150000e-01 4.053143e-01 5.654065e-01
1.010000e+00 9.050000e-01 4.079380e-01 5.670409e-01 1.005000e+00 9.100000e-01 4.065788e-01 5.662514e-01
-1.300000e-01 9.150000e-01 4.434549e-01 4.831149e-01 -1.250000e-01 9.200000e-01 4.441659e-01 4.826194e-01
-1.250000e-01 9.200000e-01 4.441659e-01 4.826194e-01 -1.200000e-01 9.250000e-01 4.447657e-01 4.820907e-01
1.000000e+00 9.150000e-01 4.053143e-01 5.654065e-01 1.000000e+00 9.250000e-01 4.098927e-01 5.684206e-01
-1.200000e-01 9.250000e-01 4.447657e-01 4.820907e-01 -1.150000e-01 9.300000e-01 4.453349e-01 4.816584e-01
-1.150000e-01 9.300000e-01 4.453349e-01 4.816584e-01 -1.100000e-01 9.350000e-01 4.457913e-01 4.811980e-01
9.950000e-01 9.300000e-01 4.087329e-01 5.677031e-01 9.900000e-01 9.350000e-01 4.076702e-01 5.669365e-01
1.000000e+00 9.250000e-01 4.098927e-01 5.684206e-01 9.950000e-01 9.300000e-01 4.087329e-01 5.677031e-01
-1.100000e-01 9.350000e-01 4.457913e-01 4.811980e-01 -1.100000e-01 9.450000e-01 4.408577e-01 4.854092e-01
9.900000e-01 9.350000e-01 4.076702e-01 5.669365e-01 9.900000e-01 9.450000e-01 4.123601e-01 5.702301e-01
-1.100000e-01 9.450000e-01 4.408577e-01 4.854092e-01 -1.050000e-01 9.500000e-01 4.412666e-01 4.851468e-01
-1.050000e-01 9.500000e-01 4.412666e-01 4.851468e-01 -1.000000e-01 9.550000e-01 4.415637e-01 4.848650e-01
9.850000e-01 9.500000e-01 4.113892e-01 5.696018e-01 9.800000e-01 9.550000e-01 4.105171e-01 5.689311e-01
9.900000e-01 9.450000e-01 4.123601e-01 5.702301e-01 9.850000e-01 9.500000e-01 4.113892e-01 5.696018e-01
-1.000000e-01 9.550000e-01 4.415637e-01 4.848650e-01 -9.500000e-02 9.600000e-01 4.418441e-01 4.846841e-01
-9.500000e-02 9.600000e-01 4.418441e-01 4.846841e-01 -9.000000e-02 9.650000e-01 4.420122e-01 4.844892e-01
9.800000e-01 9.550000e-01 4.105171e-01 5.689311e-01 9.800000e-01 9.650000e-01 4.152956e-01 5.725148e-01
-9.000000e-02 9.650000e-01 4.420122e-01 4.844892e-01 -8.500000e-02 9.700000e-01 4.421690e-01 4.843971e-01
-8.500000e-02 9.700000e-01 4.421690e-01 4.843971e-01 -8.000000e-02 9.750000e-01 4.422135e-01 4.842966e-01
9.750000e-01 9.700000e-01 4.145018e-01 5.719919e-01 9.700000e-01 9.750000e-01 4.138075e-01 5.714333e-01
9.800000e-01 9.650000e-01 4.152956e-01 5.725148e-01 9.750000e-01 9.700000e-01 4.145018e-01 5.719919e-01
-8.000000e-02 9.750000e-01 4.422135e-01 4.842966e-01 -7.500000e-02 9.800000e-01 4.422523e-01 4.843005e-01
-7.500000e-02 9.800000e-01 4.422523e-01 4.843005e-01 -7.000000e-02 9.850000e-01 4.421792e-01 4.843014e-01
9.650000e-01 9.800000e-01 4.131468e-01 5.709525e-01 9.600000e-01 9.850000e-01 4.125871e-01 5.704402e-01
9.700000e-01 9.750000e-01 4.138075e-01 5.714333e-01 9.650000e-01 9.800000e-01 4.131468e-01 5.709525e-01
-7.000000e-02 9.850000e-01 4.421792e-01 4.843014e-01 -6.500000e-02 9.900000e-01 4.421059e-01 4.844079e-01
-6.500000e-02 9.900000e-01 4.421059e-01 4.844079e-01 -6.000000e-02 9.950000e-01 4.419215e-01 4.845170e-01
9.600000e-01 9.850000e-01 4.125871e-01 5.704402e-01 9.600000e-01 9.950000e-01 4.174909e-01 5.744812e-01
-6.000000e-02 9.950000e-01 4.419215e-01 4.845170e-01 -5.500000e-02 1.000000e+00 4.417426e-01 4.847324e-01
-5.500000e-02 1.000000e+00 4.417426e-01 4.847324e-01 -5.000000e-02 1.005000e+00 4.414538e-01 4.849560e-01
9.550000e-01 1.000000e+00 4.169869e-01 5.741310e-01 9.500000e-01 1.005000e+00 4.165834e-01 5.737565e-01
9.600000e-01 9.950000e-01 4.174909e-01 5.744812e-01 9.550000e-01 1.000000e+00 4.169869e-01 5.741310e-01
-5.000000e-02 1.005000e+00 4.414538e-01 4.849560e-01 -4.500000e-02 1.010000e+00 4.411760e-01 4.852862e-01
-4.500000e-02 1.010000e+00 4.411760e-01 4.852862e-01 -4.000000e-02 1.015000e+00 4.407901e-01 4.856302e-01
9.450000e-01 1.010000e+00 4.162018e-01 5.734659e-01 9.400000e-01 1.015000e+00 4.159212e-01 5.731555e-01
9.500000e-01 1.005000e+00 4.165834e-01 5.737565e-01 9.450000e-01 1.010000e+00 4.162018e-01 5.734659e-01
-4.000000e-02 1.015000e+00 4.407901e-01 4.856302e-01 -3.500000e-02 1.020000e+00 4.404206e-01 4.860806e-01
-3.500000e-02 1.020000e+00 4.404206e-01 4.860806e-01 -3.000000e-02 1.025000e+00 4.399451e-01 4.865502e-01
9.350000e-01 1.020000e+00 4.156581e-01 5.729315e-01 9.300000e-01 1.025000e+00 4.154959e-01 5.726924e-01
9.400000e-01 1.015000e+00 4.159212e-01 5.731555e-01 9.350000e-01 1.020000e+00 4.156581e-01 5.729315e-01
-3.000000e-02 1.025000e+00 4.399451e-01 4.865502e-01 -2.500000e-02 1.030000e+00 4.394913e-01 4.871259e-01
-2.500000e-02 1.030000e+00 4.394913e-01 4.871259e-01 -2.000000e-02 1.035000e+00 4.389341e-01 4.877259e-01
9.300000e-01 1.025000e+00 4.154959e-01 5.726924e-01 9.300000e-01 1.035000e+00 4.204921e-01 5.773873e-01
-2.000000e-02 1.035000e+00 4.389341e-01 4.877259e-01 -1.500000e-02 1.040000e+00 4.384039e-01 4.884313e-01
-1.500000e-02 1.040000e+00 4.384039e-01 4.884313e-01 -1.000000e-02 1.045000e+00 4.377730e-01 4.891661e-01
9.250000e-01 1.040000e+00 4.203530e-01 5.773247e-01 9.200000e-01 1.045000e+00 4.203126e-01 5.772542e-01
9.300000e-01 1.035000e+00 4.204921e-01 5.773873e-01 9.250000e-01 1.040000e+00 4.203530e-01 5.773247e-01
-1.000000e-02 1.045000e+00 4.377730e-01 4.891661e-01 -5.000000e-03 1.050000e+00 4.371741e-01 4.900048e-01
-5.000000e-03 1.050000e+00 4.371741e-01 4.900048e-01 1.066855e-16 1.055000e+00 4.364778e-01 4.908782e-01
9.150000e-01 1.050000e+00 4.202777e-01 5.772734e-01 9.100000e-01 1.055000e+00 4.203408e-01 5.772893e-01
9.200000e-01 1.045000e+00 4.203126e-01 5.772542e-01 9.150000e-01 1.050000e+00 4.202777e-01 5.772734e-01
1.066855e-16 1.055000e+00 4.364778e-01 4.908782e-01 5.000000e-03 1.060000e+00 4.358185e-01 4.918538e-01
5.000000e-03 1.060000e+00 4.358185e-01 4.918538e-01 1.000000e-02 1.065000e+00 4.350652e-01 4.928686e-01
9.050000e-01 1.060000e+00 4.204047e-01 5.773963e-01 9.000000e-01 1.065000e+00 4.205655e-01 5.775049e-01
9.100000e-01 1.055000e+00 4.203408e-01 5.772893e-01 9.050000e-01 1.060000e+00 4.204047e-01 5.773963e-01
1.000000e-02 1.065000e+00 4.350652e-01 4.928686e-01 1.500000e-02 1.070000e+00 4.343535e-01 4.939838e-01
1.500000e-02 1.070000e+00 4.343535e-01 4.939838e-01 2.000000e-02 1.075000e+00 4.335517e-01 4.951428e-01
8.950000e-01 1.070000e+00 4.207224e-01 5.777055e-01 8.900000e-01 1.075000e+00 4.209748e-01 5.779123e-01
9.000000e-01 1.065000e+00 4.205655e-01 5.775049e-01 8.950000e-01 1.070000e+00 4.207224e-01 5.777055e-01
2.000000e-02 1.075000e+00 4.335517e-01 4.951428e-01 2.500000e-02 1.080000e+00 4.327957e-01 4.963998e-01
2.500000e-02 1.080000e+00 4.327957e-01 4.963998e-01 3.000000e-02 1.085000e+00 4.319538e-01 4.977048e-01
8.850000e-01 1.080000e+00 4.212186e-01 5.782121e-01 8.800000e-01 1.085000e+00 4.215561e-01 5.785227e-01
8.900000e-01 1.075000e+00 4.209748e-01 5.779123e-01 8.850000e-01 1.080000e+00 4.212186e-01 5.782121e-01
3.000000e-02 1.085000e+00 4.319538e-01 4.977048e-01 3.500000e-02 1.090000e+00 4.311619e-01 4.991054e-01
3.500000e-02 1.090000e+00 4.311619e-01 4.991054e-01 4.500000e-02 1.090000e+00 4.338378e-01 4.946819e-01
4.500000e-02 1.090000e+00 4.338378e-01 4.946819e-01 5.000000e-02 1.095000e+00 4.328836e-01 4.961897e-01
8.750000e-01 1.090000e+00 4.218804e-01 5.789266e-01 8.700000e-01 1.095000e+00 4.222963e-01 5.793461e-01
8.800000e-01 1.085000e+00 4.215561e-01 5.785227e-01 8.750000e-01 1.090000e+00 4.218804e-01 5.789266e-01
5.000000e-02 1.095000e+00 4.328836e-01 4.961897e-01 5.500000e-02 1.100000e+00 4.319867e-01 4.977904e-01
5.500000e-02 1.100000e+00 4.319867e-01 4.977904e-01 6.000000e-02 1.105000e+00 4.310140e-01 4.994499e-01
8.650000e-01 1.100000e+00 4.226944e-01 5.798589e-01 8.600000e-01 1.105000e+00 4.231817e-01 5.803919e-01
8.700000e-01 1.095000e+00 4.222963e-01 5.793461e-01 8.650000e-01 1.100000e+00 4.226944e-01 5.798589e-01
6.000000e-02 1.105000e+00 4.310140e-01 4.994499e-01 6.500000e-02 1.110000e+00 4.301019e-01 5.011991e-01
6.500000e-02 1.110000e+00 4.301019e-01 5.011991e-01 7.000000e-02 1.115000e+00 4.291189e-01 5.030104e-01
8.550000e-01 1.110000e+00 4.236467e-01 5.810180e-01 8.500000e-01 1.115000e+00 4.241983e-01 5.816685e-01
8.600000e-01 1.105000e+00 4.231817e-01 5.803919e-01 8.550000e-01 1.110000e+00 4.236467e-01 5.810180e-01
7.000000e-02 1.115000e+00 4.291189e-01 5.030104e-01 7.500000e-02 1.120000e+00 4.281995e-01 5.049078e-01
7.500000e-02 1.120000e+00 4.281995e-01 5.049078e-01 8.500000e-02 1.120000e+00 4.302588e-01 5.008779e-01
8.500000e-02 1.120000e+00 4.302588e-01 5.008779e-01 9.000000e-02 1.125000e+00 4.292101e-01 5.029082e-01
8.450000e-01 1.120000e+00 4.247232e-01 5.824116e-01 8.400000e-01 1.125000e+00 4.253317e-01 5.831836e-01
8.500000e-01 1.115000e+00 4.241983e-01 5.816685e-01 8.450000e-01 1.120000e+00 4.247232e-01 5.824116e-01
9.000000e-02 1.125000e+00 4.292101e-01 5.029082e-01 9.500000e-02 1.130000e+00 4.282306e-01 5.050206e-01
9.500000e-02 1.130000e+00 4.282306e-01 5.050206e-01 1.000000e-01 1.135000e+00 4.271929e-01 5.072035e-01
8.250000e-01 1.130000e+00 4.224687e-01 5.792905e-01 8.200000e-01 1.135000e+00 4.232065e-01 5.802229e-01
8.250000e-01 1.130000e+00 4.224687e-01 5.792905e-01 8.350000e-01 1.130000e+00 4.259094e-01 5.840474e-01
8.400000e-01 1.125000e+00 4.253317e-01 5.831836e-01 8.350000e-01 1.130000e+00 4.259094e-01 5.840474e-01
1.000000e-01 1.135000e+00 4.271929e-01 5.072035e-01 1.050000e-01 1.140000e+00 4.262266e-01 5.094643e-01
1.050000e-01 1.140000e+00 4.262266e-01 5.094643e-01 1.150000e-01 1.140000e+00 4.278836e-01 5.057682e-01
1.150000e-01 1.140000e+00 4.278836e-01 5.057682e-01 1.200000e-01 1.145000e+00 4.268141e-01 5.081766e-01
8.150000e-01 1.140000e+00 4.239064e-01 5.812469e-01 8.100000e-01 1.145000e+00 4.246826e-01 5.823107e-01
8.200000e-01 1.135000e+00 4.232065e-01 5.802229e-01 8.150000e-01 1.140000e+00 4.239064e-01 5.812469e-01
1.200000e-01 1.145000e+00 4.268141e-01 5.081766e-01 1.250000e-01 1.150000e+00 4.258206e-01 5.106580e-01
1.250000e-01 1.150000e+00 4.258206e-01 5.106580e-01 1.350000e-01 1.150000e+00 4.272211e-01 5.071804e-01
1.350000e-01 1.150000e+00 4.272211e-01 5.071804e-01 1.400000e-01 1.155000e+00 4.261411e-01 5.098176e-01
8.050000e-01 1.150000e+00 4.254171e-01 5.834646e-01 8.000000e-01 1.155000e+00 4.262238e-01 5.846619e-01
8.100000e-01 1.145000e+00 4.246826e-01 5.823107e-01 8.050000e-01 1.150000e+00 4.254171e-01 5.834646e-01
1.400000e-01 1.155000e+00 4.261411e-01 5.098176e-01 1.450000e-01 1.160000e+00 4.251408e-01 5.125221e-01
1.450000e-01 1.160000e+00 4.251408e-01 5.125221e-01 1.550000e-01 1.160000e+00 4.263084e-01 5.092809e-01
1.550000e-01 1.160000e+00 4.263084e-01 5.092809e-01 1.600000e-01 1.165000e+00 4.252389e-01 5.121478e-01
7.850000e-01 1.160000e+00 4.241426e-01 5.814447e-01 7.800000e-01 1.165000e+00 4.250391e-01 5.828268e-01
7.850000e-01 1.160000e+00 4.241426e-01 5.814447e-01 7.950000e-01 1.160000e+00 4.269854e-01 5.859474e-01
8.000000e-01 1.155000e+00 4.262238e-01 5.846619e-01 7.950000e-01 1.160000e+00 4.269854e-01 5.859474e-01
1.600000e-01 1.165000e+00 4.252389e-01 5.121478e-01 1.650000e-01 1.170000e+00 4.242521e-01 5.150761e-01
1.650000e-01 1.170000e+00 4.242521e-01 5.150761e-01 1.750000e-01 1.170000e+00 4.252125e-01 5.120867e-01
1.750000e-01 1.170000e+00 4.252125e-01 5.120867e-01 1.800000e-01 1.175000e+00 4.241745e-01 5.151823e-01
7.650000e-01 1.170000e+00 4.233210e-01 5.799164e-01 7.600000e-01 1.175000e+00 4.242893e-01 5.814934e-01
7.650000e-01 1.170000e+00 4.233210e-01 5.799164e-01 7.750000e-01 1.170000e+00 4.258843e-01 5.842953e-01
7.800000e-01 1.165000e+00 4.250391e-01 5.828268e-01 7.750000e-01 1.170000e+00 4.258843e-01 5.842953e-01
1.800000e-01 1.175000e+00 4.241745e-01 5.151823e-01 1.850000e-01 1.180000e+00 4.232210e-01 5.183329e-01
1.850000e-01 1.180000e+00 4.232210e-01 5.183329e-01 1.950000e-01 1.180000e+00 4.240013e-01 5.156082e-01
1.950000e-01 1.180000e+00 4.240013e-01 5.156082e-01 2.000000e-01 1.185000e+00 4.230148e-01 5.189293e-01
7.550000e-01 1.180000e+00 4.252004e-01 5.831545e-01 7.500000e-01 1.185000e+00 4.261675e-01 5.848739e-01
7.600000e-01 1.175000e+00 4.242893e-01 5.814934e-01 7.550000e-01 1.180000e+00 4.252004e-01 5.831545e-01
2.000000e-01 1.185000e+00 4.230148e-01 5.189293e-01 2.050000e-01 1.190000e+00 4.221139e-01 5.222990e-01
2.050000e-01 1.190000e+00 4.221139e-01 5.222990e-01 2.150000e-01 1.190000e+00 4.227423e-01 5.198494e-01
2.150000e-01 1.190000e+00 4.227423e-01 5.198494e-01 2.200000e-01 1.195000e+00 4.218264e-01 5.233908e-01
7.250000e-01 1.190000e+00 4.228290e-01 5.784948e-01 7.200000e-01 1.195000e+00 4.238833e-01 5.804859e-01
7.250000e-01 1.190000e+00 4.228290e-01 5.784948e-01 7.350000e-01 1.190000e+00 4.248812e-01 5.825629e-01
7.350000e-01 1.190000e+00 4.248812e-01 5.825629e-01 7.450000e-01 1.190000e+00 4.270750e-01 5.866745e-01
7.500000e-01 1.185000e+00 4.261675e-01 5.848739e-01 7.450000e-01 1.190000e+00 4.270750e-01 5.866745e-01
2.200000e-01 1.195000e+00 4.218264e-01 5.233908e-01 2.250000e-01 1.200000e+00 4.209964e-01 5.269745e-01
2.250000e-01 1.200000e+00 4.209964e-01 5.269745e-01 2.350000e-01 1.200000e+00 4.215017e-01 5.248073e-01
2.350000e-01 1.200000e+00 4.215017e-01 5.248073e-01 2.450000e-01 1.200000e+00 4.218978e-01 5.227559e-01
2.450000e-01 1.200000e+00 4.218978e-01 5.227559e-01 2.500000e-01 1.205000e+00 4.210777e-01 5.265978e-01
7.050000e-01 1.200000e+00 4.230454e-01 5.786705e-01 7.000000e-01 1.205000e+00 4.241131e-01 5.808769e-01
7.050000e-01 1.200000e+00 4.230454e-01 5.786705e-01 7.150000e-01 1.200000e+00 4.248706e-01 5.825539e-01
7.200000e-01 1.195000e+00 4.238833e-01 5.804859e-01 7.150000e-01 1.200000e+00 4.248706e-01 5.825539e-01
2.500000e-01 1.205000e+00 4.210777e-01 5.265978e-01 2.550000e-01 1.210000e+00 4.203435e-01 5.304733e-01
2.550000e-01 1.210000e+00 4.203435e-01 5.304733e-01 2.650000e-01 1.210000e+00 4.206574e-01 5.287140e-01
2.650000e-01 1.210000e+00 4.206574e-01 5.287140e-01 2.700000e-01 1.215000e+00 4.199508e-01 5.327596e-01
6.850000e-01 1.210000e+00 4.234897e-01 5.794745e-01 6.800000e-01 1.215000e+00 4.245509e-01 5.818992e-01
6.850000e-01 1.210000e+00 4.234897e-01 5.794745e-01 6.950000e-01 1.210000e+00 4.251097e-01 5.831558e-01
7.000000e-01 1.205000e+00 4.241131e-01 5.808769e-01 6.950000e-01 1.210000e+00 4.251097e-01 5.831558e-01
2.700000e-01 1.215000e+00 4.199508e-01 5.327596e-01 2.750000e-01 1.220000e+00 4.193283e-01 5.368327e-01
2.750000e-01 1.220000e+00 4.193283e-01 5.368327e-01 2.850000e-01 1.220000e+00 4.195893e-01 5.353663e-01
2.850000e-01 1.220000e+00 4.195893e-01 5.353663e-01 2.950000e-01 1.220000e+00 4.197701e-01 5.340275e-01
2.950000e-01 1.220000e+00 4.197701e-01 5.340275e-01 3.050000e-01 1.220000e+00 4.198758e-01 5.328192e-01
3.050000e-01 1.220000e+00 4.198758e-01 5.328192e-01 3.100000e-01 1.225000e+00 4.193565e-01 5.372237e-01
6.450000e-01 1.220000e+00 4.215817e-01 5.742290e-01 6.400000e-01 1.225000e+00 4.226524e-01 5.770319e-01
6.450000e-01 1.220000e+00 4.215817e-01 5.742290e-01 6.550000e-01 1.220000e+00 4.227817e-01 5.775388e-01
6.550000e-01 1.220000e+00 4.227817e-01 5.775388e-01 6.650000e-01 1.220000e+00 4.240996e-01 5.809278e-01
6.650000e-01 1.220000e+00 4.240996e-01 5.809278e-01 6.750000e-01 1.220000e+00 4.255378e-01 5.843917e-01
6.800000e-01 1.215000e+00 4.245509e-01 5.818992e-01 6.750000e-01 1.220000e+00 4.255378e-01 5.843917e-01
3.100000e-01 1.225000e+00 4.193565e-01 5.372237e-01 3.150000e-01 1.230000e+00 4.189182e-01 5.416450e-01
3.150000e-01 1.230000e+00 4.189182e-01 5.416450e-01 3.250000e-01 1.230000e+00 4.190247e-01 5.407316e-01
3.250000e-01 1.230000e+00 4.190247e-01 5.407316e-01 3.350000e-01 1.230000e+00 4.190744e-01 5.399526e-01
3.350000e-01 1.230000e+00 4.190744e-01 5.399526e-01 3.450000e-01 1.230000e+00 4.190729e-01 5.393100e-01
3.450000e-01 1.230000e+00 4.190729e-01 5.393100e-01 3.500000e-01 1.235000e+00 4.187972e-01 5.440448e-01
6.150000e-01 1.230000e+00 4.216263e-01 5.738573e-01 6.100000e-01 1.235000e+00 4.226388e-01 5.769651e-01
6.150000e-01 1.230000e+00 4.216263e-01 5.738573e-01 6.250000e-01 1.230000e+00 4.225816e-01 5.768305e-01
6.250000e-01 1.230000e+00 4.225816e-01 5.768305e-01 6.350000e-01 1.230000e+00 4.236426e-01 5.798945e-01
6.400000e-01 1.225000e+00 4.226524e-01 5.770319e-01 6.350000e-01 1.230000e+00 4.236426e-01 5.798945e-01
3.500000e-01 1.235000e+00 4.187972e-01 5.440448e-01 3.550000e-01 1.240000e+00 4.185969e-01 5.487870e-01
3.550000e-01 1.240000e+00 4.185969e-01 5.487870e-01 3.650000e-01 1.240000e+00 4.186485e-01 5.484320e-01
3.650000e-01 1.240000e+00 4.186485e-01 5.484320e-01 3.750000e-01 1.240000e+00 4.186674e-01 5.482141e-01
3.750000e-01 1.240000e+00 4.186674e-01 5.482141e-01 3.850000e-01 1.240000e+00 4.186595e-01 5.481340e-01
3.850000e-01 1.240000e+00 4.186595e-01 5.481340e-01 3.950000e-01 1.240000e+00 4.186307e-01 5.481925e-01
3.950000e-01 1.240000e+00 4.186307e-01 5.481925e-01 4.050000e-01 1.240000e+00 4.185869e-01 5.483902e-01
4.050000e-01 1.240000e+00 4.185869e-01 5.483902e-01 4.100000e-01 1.245000e+00 4.187290e-01 5.535528e-01
5.450000e-01 1.240000e+00 4.197397e-01 5.654340e-01 5.400000e-01 1.245000e+00 4.205845e-01 5.691861e-01
5.450000e-01 1.240000e+00 4.197397e-01 5.654340e-01 5.550000e-01 1.240000e+00 4.201761e-01 5.676077e-01
5.550000e-01 1.240000e+00 4.201761e-01 5.676077e-01 5.650000e-01 1.240000e+00 4.206875e-01 5.698957e-01
5.650000e-01 1.240000e+00 4.206875e-01 5.698957e-01 5.750000e-01 1.240000e+00 4.212783e-01 5.722948e-01
5.750000e-01 1.240000e+00 4.212783e-01 5.722948e-01 5.850000e-01 1.240000e+00 4.219527e-01 5.748017e-01
5.850000e-01 1.240000e+00 4.219527e-01 5.748017e-01 5.950000e-01 1.240000e+00 4.227148e-01 5.774128e-01
5.950000e-01 1.240000e+00 4.227148e-01 5.774128e-01 6.050000e-01 1.240000e+00 4.235685e-01 5.801247e-01
6.100000e-01 1.235000e+00 4.226388e-01 5.769651e-01 6.050000e-01 1.240000e+00 4.235685e-01 5.801247e-01
4.100000e-01 1.245000e+00 4.187290e-01 5.535528e-01 4.150000e-01 1.250000e+00 4.189352e-01 5.587111e-01
4.150000e-01 1.250000e+00 4.189352e-01 5.587111e-01 4.250000e-01 1.250000e+00 4.190168e-01 5.591744e-01
4.250000e-01 1.250000e+00 4.190168e-01 5.591744e-01 4.350000e-01 1.250000e+00 4.191011e-01 5.597730e-01
4.350000e-01 1.250000e+00 4.191011e-01 5.597730e-01 4.450000e-01 1.250000e+00 4.191939e-01 5.605063e-01
4.450000e-01 1.250000e+00 4.191939e-01 5.605063e-01 4.550000e-01 1.250000e+00 4.193010e-01 5.613737e-01
4.550000e-01 1.250000e+00 4.193010e-01 5.613737e-01 4.650000e-01 1.250000e+00 4.194280e-01 5.623740e-01
4.650000e-01 1.250000e+00 4.194280e-01 5.623740e-01 4.750000e-01 1.250000e+00 4.195808e-01 5.635062e-01
4.750000e-01 1.250000e+00 4.195808e-01 5.635062e-01 4.850000e-01 1.250000e+00 4.197649e-01 5.647689e-01
4.850000e-01 1.250000e+00 4.197649e-01 5.647689e-01 4.950000e-01 1.250000e+00 4.199858e-01 5.661602e-01
4.950000e-01 1.250000e+00 4.199858e-01 5.661602e-01 5.050000e-01 1.250000e+00 4.202490e-01 5.676785e-01
5.050000e-01 1.250000e+00 4.202490e-01 5.676785e-01 5.150000e-01 1.250000e+00 4.205597e-01 5.693216e-01
5.150000e-01 1.250000e+00 4.205597e-01 5.693216e-01 5.250000e-01 1.250000e+00 4.209231e-01 5.710874e-01
5.250000e-01 1.250000e+00 4.209231e-01 5.710874e-01 5.350000e-01 1.250000e+00 4.213442e-01 5.729733e-01
5.400000e-01 1.245000e+00 4.205845e-01 5.691861e-01 5.350000e-01 1.250000e+00 4.213442e-01 5.729733e-01
3.857823e-01 5.174712e-01 -3.182048e-01 5.489341e-01 3.857823e-01 5.174712e-01 -3.165674e-01 5.021193e-01
3.857823e-01 5.174712e-01 -3.165674e-01 5.021193e-01 3.857823e-01 5.174712e-01 -3.116204e-01 4.550778e-01
3.857823e-01 5.174712e-01 -3.116204e-01 4.550778e-01 3.857823e-01 5.174712e-01 -3.033186e-01 4.080129e-01
3.857823e-01 5.174712e-01 -3.033186e-01 4.080129e-01 3.857823e-01 5.174712e-01 -2.916289e-01 3.611409e-01
3.857823e-01 5.174712e-01 -2.916289e-01 3.611409e-01 3.857823e-01 5.174712e-01 -2.765332e-01 3.146912e-01
3.857823e-01 5.174712e-01 -2.765332e-01 3.146912e-01 3.857823e-01 5.174712e-01 -2.580317e-01 2.689068e-01
3.857823e-01 5.174712e-01 -2.580317e-01 2.689068e-01 3.857823e-01 5.174712e-01 -2.361465e-01 2.240424e-01
3.857823e-01 5.174712e-01 -2.361465e-01 2.240424e-01 3.857823e-01 5.174712e-01 -2.109251e-01 1.803636e-01
3.857823e-01 5.174712e-01 -2.109251e-01 1.803636e-01 3.857823e-01 5.174712e-01 -1.824438e-01 1.381434e-01
3.857823e-01 5.174712e-01 -1.824438e-01 1.381434e-01 3.857823e-01 5.174712e-01 -1.508108e-01 9.765891e-02
3.857823e-01 5.174712e-01 -1.508108e-01 9.765891e-02 3.857823e-01 5.174712e-01 -1.161676e-01 5.918693e-02
3.857823e-01 5.174712e-01 -1.161676e-01 5.918693e-02 3.857823e-01 5.174712e-01 -7.869064e-02 2.299815e-02
3.857823e-01 5.174712e-01 -7.869064e-02 2.299815e-02 3.857823e-01 5.174712e-01 -3.859028e-02 -1.064847e-02
3.857823e-01 5.174712e-01 -3.859028e-02 -1.064847e-02 3.857823e-01 5.174712e-01 3.890786e-03 -4.151193e-02
3.857823e-01 5.174712e-01 3.890786e-03 -4.151193e-02 3.857823e-01 5.174712e-01 4.848123e-02 -6.937496e-02
3.857823e-01 5.174712e-01 4.848123e-02 -6.937496e-02 3.857823e-01 5.174712e-01 9.488595e-02 -9.404926e-02
3.857823e-01 5.174712e-01 9.488595e-02 -9.404926e-02 3.857823e-01 5.174712e-01 1.427921e-01 -1.153795e-01
3.857823e-01 5.174712e-01 1.427921e-01 -1.153795e-01 3.857823e-01 5.174712e-01 1.918760e-01 -1.332461e-01
3.857823e-01 5.174712e-01 1.918760e-01 -1.332461e-01 3.857823e-01 5.174712e-01 2.418094e-01 -1.475663e-01
3.857823e-01 5.174712e-01 2.418094e-01 -1.475663e-01 3.857823e-01 5.174712e-01 2.922671e-01 -1.582937e-01
3.857823e-01 5.174712e-01 2.922671e-01 -1.582937e-01 3.857823e-01 5.174712e-01 3.429320e-01 -1.654168e-01
3.857823e-01 5.174712e-01 3.429320e-01 -1.654168e-01 3.857823e-01 5.174712e-01 3.935003e-01 -1.689558e-01
3.857823e-01 5.174712e-01 3.935003e-01 -1.689558e-01 3.857823e-01 5.174712e-01 4.436855e-01 -1.689588e-01
3.857823e-01 5.174712e-01 4.436855e-01 -1.689588e-01 3.857823e-01 5.174712e-01 4.932203e-01 -1.654981e-01
3.857823e-01 5.174712e-01 4.932203e-01 -1.654981e-01 3.857823e-01 5.174712e-01 5.418586e-01 -1.586656e-01
3.857823e-01 5.174712e-01 5.418586e-01 -1.586656e-01 3.857823e-01 5.174712e-01 5.893754e-01 -1.485688e-01
3.857823e-01 5.174712e-01 5.893754e-01 -1.485688e-01 3.857823e-01 5.174712e-01 6.355663e-01 -1.353269e-01
3.857823e-01 5.174712e-01 6.355663e-01 -1.353269e-01 3.857823e-01 5.174712e-01 6.802467e-01 -1.190676e-01
3.857823e-01 5.174712e-01 6.802467e-01 -1.190676e-01 3.857823e-01 5.174712e-01 7.232499e-01 -9.992427e-02
3.857823e-01 5.174712e-01 7.232499e-01 -9.992427e-02 3.857823e-01 5.174712e-01 7.644255e-01 -7.803360e-02
3.857823e-01 5.174712e-01 7.644255e-01 -7.803360e-02 3.857823e-01 5.174712e-01 8.036372e-01 -5.353398e-02
3.857823e-01 5.174712e-01 8.036372e-01 -5.353398e-02 3.857823e-01 5.174712e-01 8.407611e-01 -2.656417e-02
3.857823e-01 5.174712e-01 8.407611e-01 -2.656417e-02 3.857823e-01 5.174712e-01 8.756839e-01 2.737419e-03
3.857823e-01 5.174712e-01 8.756839e-01 2.737419e-03 3.857823e-01 5.174712e-01 9.083006e-01 3.423322e-02
3.857823e-01 5.174712e-01 9.083006e-01 3.423322e-02 3.857823e-01 5.174712e-01 9.385134e-01 6.778655e-02
3.857823e-01 5.174712e-01 9.385134e-01 6.778655e-02 3.857823e-01 5.174712e-01 9.662301e-01 1.032614e-01
3.857823e-01 5.174712e-01 9.662301e-01 1.032614e-01 3.857823e-01 5.174712e-01 9.913630e-01 1.405220e-01
3.857823e-01 5.174712e-01 9.913630e-01 1.405220e-01 3.857823e-01 5.174712e-01 1.013828e+00 1.794321e-01
3.857823e-01 5.174712e-01 1.013828e+00 1.794321e-01 3.857823e-01 5.174712e-01 1.033542e+00 2.198543e-01
3.857823e-01 5.174712e-01 1.033542e+00 2.198543e-01 3.857823e-01 5.174712e-01 1.050428e+00 2.616488e-01
3.857823e-01 5.174712e-01 1.050428e+00 2.616488e-01 3.857823e-01 5.174712e-01 1.064406e+00 3.046726e-01
3.857823e-01 5.174712e-01 1.064406e+00 3.046726e-01 3.857823e-01 5.174712e-01 1.075401e+00 3.487779e-01
3.857823e-01 5.174712e-01 1.075401e+00 3.487779e-01 3.857823e-01 5.174712e-01 1.083340e+00 3.938110e-01
3.857823e-01 5.174712e-01 1.083340e+00 3.938110e-01 3.857823e-01 5.174712e-01 1.088152e+00 4.396110e-01
3.857823e-01 5.174712e-01 1.088152e+00 4.396110e-01 3.857823e-01 5.174712e-01 1.089769e+00 4.860082e-01
3.857823e-01 5.174712e-01 1.089769e+00 4.860082e-01 3.857823e-01 5.174712e-01 1.088132e+00 5.328230e-01
3.857823e-01 5.174712e-01 1.088132e+00 5.328230e-01 3.857823e-01 5.174712e-01 1.083185e+00 5.798645e-01
3.857823e-01 5.174712e-01 1.083185e+00 5.798645e-01 3.857823e-01 5.174712e-01 1.074883e+00 6.269294e-01
3.857823e-01 5.174712e-01 1.074883e+00 6.269294e-01 3.857823e-01 5.174712e-01 1.063194e+00 6.738015e-01
3.857823e-01 5.174712e-01 1.063194e+00 6.738015e-01 3.857823e-01 5.174712e-01 1.048098e+00 7.202511e-01
3.857823e-01 5.174712e-01 1.048098e+00 7.202511e-01 3.857823e-01 5.174712e-01 1.029596e+00 7.660356e-01
3.857823e-01 5.174712e-01 1.029596e+00 7.660356e-01 3.857823e-01 5.174712e-01 1.007711e+00 8.108999e-01
3.857823e-01 5.174712e-01 1.007711e+00 8.108999e-01 3.857823e-01 5.174712e-01 9.824897e-01 8.545788e-01
3.857823e-01 5.174712e-01 9.824897e-01 8.545788e-01 3.857823e-01 5.174712e-01 9.540085e-01 8.967990e-01
3.857823e-01 5.174712e-01 9.540085e-01 8.967990e-01 3.857823e-01 5.174712e-01 9.223755e-01 9.372834e-01
3.857823e-01 5.174712e-01 9.223755e-01 9.372834e-01 3.857823e-01 5.174712e-01 8.877323e-01 9.757554e-01
3.857823e-01 5.174712e-01 8.877323e-01 9.757554e-01 3.857823e-01 5.174712e-01 8.502553e-01 1.011944e+00
3.857823e-01 5.174712e-01 8.502553e-01 1.011944e+00 3.857823e-01 5.174712e-01 8.101550e-01 1.045591e+00
3.857823e-01 5.174712e-01 8.101550e-01 1.045591e+00 3.857823e-01 5.174712e-01 7.676739e-01 1.076454e+00
3.857823e-01 5.174712e-01 7.676739e-01 1.076454e+00 3.857823e-01 5.174712e-01 7.230835e-01 1.104317e+00
3.857823e-01 5.174712e-01 7.230835e-01 1.104317e+00 3.857823e-01 5.174712e-01 6.766787e-01 1.128992e+00
3.857823e-01 5.174712e-01 6.766787e-01 1.128992e+00 3.857823e-01 5.174712e-01 6.287725e-01 1.150322e+00
3.857823e-01 5.174712e-01 6.287725e-01 1.150322e+00 3.857823e-01 5.174712e-01 5.796887e-01 1.168188e+00
3.857823e-01 5.174712e-01 5.796887e-01 1.168188e+00 3.857823e-01 5.174712e-01 5.297552e-01 1.182509e+00
3.857823e-01 5.174712e-01 5.297552e-01 1.182509e+00 3.857823e-01 5.174712e-01 4.792976e-01 1.193236e+00
3.857823e-01 5.174712e-01 4.792976e-01 1.193236e+00 3.857823e-01 5.174712e-01 4.286327e-01 1.200359e+00
3.857823e-01 5.174712e-01 4.286327e-01 1.200359e+00 3.857823e-01 5.174712e-01 3.780644e-01 1.203898e+00
3.857823e-01 5.174712e-01 3.780644e-01 1.203898e+00 3.857823e-01 5.174712e-01 3.278792e-01 1.203901e+00
3.857823e-01 5.174712e-01 3.278792e-01 1.203901e+00 3.857823e-01 5.174712e-01 2.783444e-01 1.200440e+00
3.857823e-01 5.174712e-01 2.783444e-01 1.200440e+00 3.857823e-01 5.174712e-01 2.297061e-01 1.193608e+00
3.857823e-01 5.174712e-01 2.297061e-01 1.193608e+00 3.857823e-01 5.174712e-01 1.821893e-01 1.183511e+00
3.857823e-01 5.174712e-01 1.821893e-01 1.183511e+00 3.857823e-01 5.174712e-01 1.359984e-01 1.170269e+00
3.857823e-01 5.174712e-01 1.359984e-01 1.170269e+00 3.857823e-01 5.174712e-01 9.131797e-02 1.154010e+00
3.857823e-01 5.174712e-01 9.131797e-02 1.154010e+00 3.857823e-01 5.174712e-01 4.831476e-02 1.134867e+00
3.857823e-01 5.174712e-01 4.831476e-02 1.134867e+00 3.857823e-01 5.174712e-01 7.139209e-03 1.112976e+00
3.857823e-01 5.174712e-01 7.139209e-03 1.112976e+00 3.857823e-01 5.174712e-01 -3.207249e-02 1.088476e+00
3.857823e-01 5.174712e-01 -3.207249e-02 1.088476e+00 3.857823e-01 5.174712e-01 -6.919646e-02 1.061507e+00
3.857823e-01 5.174712e-01 -6.919646e-02 1.061507e+00 3.857823e-01 5.174712e-01 -1.041192e-01 1.032205e+00
3.857823e-01 5.174712e-01 -1.041192e-01 1.032205e+00 3.857823e-01 5.174712e-01 -1.367359e-01 1.000709e+00
3.857823e-01 5.174712e-01 -1.367359e-01 1.000709e+00 3.857823e-01 5.174712e-01 -1.669487e-01 9.671558e-01
3.857823e-01 5.174712e-01 -1.669487e-01 9.671558e-01 3.857823e-01 5.174712e-01 -1.946655e-01 9.316810e-01
3.857823e-01 5.174712e-01 -1.946655e-01 9.316810e-01 3.857823e-01 5.174712e-01 -2.197983e-01 8.944204e-01
3.857823e-01 5.174712e-01 -2.197983e-01 8.944204e-01 3.857823e-01 5.174712e-01 -2.422630e-01 8.555103e-01
3.857823e-01 5.174712e-01 -2.422630e-01 8.555103e-01 3.857823e-01 5.174712e-01 -2.619778e-01 8.150881e-01
3.857823e-01 5.174712e-01 -2.619778e-01 8.150881e-01 3.857823e-01 5.174712e-01 -2.788630e-01 7.732935e-01
3.857823e-01 5.174712e-01 -2.788630e-01 7.732935e-01 3.857823e-01 5.174712e-01 -2.928411e-01 7.302697e-01
3.857823e-01 5.174712e-01 -2.928411e-01 7.302697e-01 3.857823e-01 5.174712e-01 -3.038363e-01 6.861645e-01
3.857823e-01 5.174712e-01 -3.038363e-01 6.861645e-01 3.857823e-01 5.174712e-01 -3.117751e-01 6.411313e-01
3.857823e-01 5.174712e-01 -3.117751e-01 6.411313e-01 3.857823e-01 5.174712e-01 -3.165869e-01 5.953313e-01
3.857823e-01 5.174712e-01 -3.165869e-01 5.953313e-01 3.857823e-01 5.174712e-01 -3.182048e-01 5.489341e-01
