2.350000e-01 -1.800000e-01 3.418026e-01 4.997859e-01 2.300000e-01 -1.750000e-01 3.425256e-01 5.036592e-01
2.350000e-01 -1.800000e-01 3.418026e-01 4.997859e-01 2.450000e-01 -1.800000e-01 3.421792e-01 5.015482e-01
2.450000e-01 -1.800000e-01 3.421792e-01 5.015482e-01 2.550000e-01 -1.800000e-01 3.425014e-01 5.031880e-01
2.550000e-01 -1.800000e-01 3.425014e-01 5.031880e-01 2.650000e-01 -1.800000e-01 3.427743e-01 5.047029e-01
2.650000e-01 -1.800000e-01 3.427743e-01 5.047029e-01 2.750000e-01 -1.800000e-01 3.430031e-01 5.060908e-01
2.750000e-01 -1.800000e-01 3.430031e-01 5.060908e-01 2.850000e-01 -1.800000e-01 3.431934e-01 5.073497e-01
2.850000e-01 -1.800000e-01 3.431934e-01 5.073497e-01 2.950000e-01 -1.800000e-01 3.433505e-01 5.084781e-01
2.950000e-01 -1.800000e-01 3.433505e-01 5.084781e-01 3.050000e-01 -1.800000e-01 3.434801e-01 5.094743e-01
3.050000e-01 -1.800000e-01 3.434801e-01 5.094743e-01 3.150000e-01 -1.800000e-01 3.435878e-01 5.103374e-01
3.150000e-01 -1.800000e-01 3.435878e-01 5.103374e-01 3.250000e-01 -1.800000e-01 3.436795e-01 5.110660e-01
3.250000e-01 -1.800000e-01 3.436795e-01 5.110660e-01 3.350000e-01 -1.800000e-01 3.437609e-01 5.116596e-01
3.350000e-01 -1.800000e-01 3.437609e-01 5.116596e-01 3.450000e-01 -1.800000e-01 3.438377e-01 5.121175e-01
3.450000e-01 -1.800000e-01 3.438377e-01 5.121175e-01 3.500000e-01 -1.750000e-01 3.440378e-01 5.172730e-01
1.650000e-01 -1.700000e-01 3.398684e-01 4.934887e-01 1.600000e-01 -1.650000e-01 3.407818e-01 4.967336e-01
1.650000e-01 -1.700000e-01 3.398684e-01 4.934887e-01 1.750000e-01 -1.700000e-01 3.406550e-01 4.960953e-01
1.750000e-01 -1.700000e-01 3.406550e-01 4.960953e-01 1.850000e-01 -1.700000e-01 3.413525e-01 4.985978e-01
1.850000e-01 -1.700000e-01 3.413525e-01 4.985978e-01 1.950000e-01 -1.700000e-01 3.419648e-01 5.009929e-01
1.950000e-01 -1.700000e-01 3.419648e-01 5.009929e-01 2.050000e-01 -1.700000e-01 3.424961e-01 5.032770e-01
2.050000e-01 -1.700000e-01 3.424961e-01 5.032770e-01 2.150000e-01 -1.700000e-01 3.429509e-01 5.054471e-01
2.150000e-01 -1.700000e-01 3.429509e-01 5.054471e-01 2.250000e-01 -1.700000e-01 3.433338e-01 5.074999e-01
2.300000e-01 -1.750000e-01 3.425256e-01 5.036592e-01 2.250000e-01 -1.700000e-01 3.433338e-01 5.074999e-01
3.500000e-01 -1.750000e-01 3.440378e-01 5.172730e-01 3.550000e-01 -1.700000e-01 3.441733e-01 5.224328e-01
3.550000e-01 -1.700000e-01 3.441733e-01 5.224328e-01 3.650000e-01 -1.700000e-01 3.441208e-01 5.226237e-01
3.650000e-01 -1.700000e-01 3.441208e-01 5.226237e-01 3.750000e-01 -1.700000e-01 3.440815e-01 5.226751e-01
3.750000e-01 -1.700000e-01 3.440815e-01 5.226751e-01 3.850000e-01 -1.700000e-01 3.440614e-01 5.225872e-01
3.850000e-01 -1.700000e-01 3.440614e-01 5.225872e-01 3.950000e-01 -1.700000e-01 3.440665e-01 5.223606e-01
3.950000e-01 -1.700000e-01 3.440665e-01 5.223606e-01 4.050000e-01 -1.700000e-01 3.441026e-01 5.219965e-01
4.050000e-01 -1.700000e-01 3.441026e-01 5.219965e-01 4.150000e-01 -1.700000e-01 3.441756e-01 5.214957e-01
4.150000e-01 -1.700000e-01 3.441756e-01 5.214957e-01 4.200000e-01 -1.650000e-01 3.439155e-01 5.261571e-01
1.250000e-01 -1.600000e-01 3.388234e-01 4.910299e-01 1.200000e-01 -1.550000e-01 3.397948e-01 4.938962e-01
1.250000e-01 -1.600000e-01 3.388234e-01 4.910299e-01 1.350000e-01 -1.600000e-01 3.399144e-01 4.940878e-01
1.350000e-01 -1.600000e-01 3.399144e-01 4.940878e-01 1.450000e-01 -1.600000e-01 3.408985e-01 4.970553e-01
1.450000e-01 -1.600000e-01 3.408985e-01 4.970553e-01 1.550000e-01 -1.600000e-01 3.417790e-01 4.999284e-01
1.600000e-01 -1.650000e-01 3.407818e-01 4.967336e-01 1.550000e-01 -1.600000e-01 3.417790e-01 4.999284e-01
4.200000e-01 -1.650000e-01 3.439155e-01 5.261571e-01 4.250000e-01 -1.600000e-01 3.435783e-01 5.308087e-01
4.250000e-01 -1.600000e-01 3.435783e-01 5.308087e-01 4.350000e-01 -1.600000e-01 3.436073e-01 5.300177e-01
4.350000e-01 -1.600000e-01 3.436073e-01 5.300177e-01 4.450000e-01 -1.600000e-01 3.436918e-01 5.290915e-01
4.450000e-01 -1.600000e-01 3.436918e-01 5.290915e-01 4.550000e-01 -1.600000e-01 3.438370e-01 5.280322e-01
4.550000e-01 -1.600000e-01 3.438370e-01 5.280322e-01 4.600000e-01 -1.550000e-01 3.433478e-01 5.323646e-01
9.500000e-02 -1.500000e-01 3.382623e-01 4.900187e-01 9.000000e-02 -1.450000e-01 3.392537e-01 4.925904e-01
9.500000e-02 -1.500000e-01 3.382623e-01 4.900187e-01 1.050000e-01 -1.500000e-01 3.396138e-01 4.934001e-01
1.050000e-01 -1.500000e-01 3.396138e-01 4.934001e-01 1.150000e-01 -1.500000e-01 3.408464e-01 4.967029e-01
1.200000e-01 -1.550000e-01 3.397948e-01 4.938962e-01 1.150000e-01 -1.500000e-01 3.408464e-01 4.967029e-01
4.600000e-01 -1.550000e-01 3.433478e-01 5.323646e-01 4.650000e-01 -1.500000e-01 3.427765e-01 5.366773e-01
4.650000e-01 -1.500000e-01 3.427765e-01 5.366773e-01 4.750000e-01 -1.500000e-01 3.429306e-01 5.353225e-01
4.750000e-01 -1.500000e-01 3.429306e-01 5.353225e-01 4.850000e-01 -1.500000e-01 3.431637e-01 5.338390e-01
4.850000e-01 -1.500000e-01 3.431637e-01 5.338390e-01 4.900000e-01 -1.450000e-01 3.425179e-01 5.379006e-01
7.500000e-02 -1.400000e-01 3.387936e-01 4.914894e-01 7.000000e-02 -1.350000e-01 3.398012e-01 4.938452e-01
7.500000e-02 -1.400000e-01 3.387936e-01 4.914894e-01 8.500000e-02 -1.400000e-01 3.403212e-01 4.950956e-01
9.000000e-02 -1.450000e-01 3.392537e-01 4.925904e-01 8.500000e-02 -1.400000e-01 3.403212e-01 4.950956e-01
4.900000e-01 -1.450000e-01 3.425179e-01 5.379006e-01 4.950000e-01 -1.400000e-01 3.417871e-01 5.419342e-01
4.950000e-01 -1.400000e-01 3.417871e-01 5.419342e-01 5.050000e-01 -1.400000e-01 3.420704e-01 5.401553e-01
5.050000e-01 -1.400000e-01 3.420704e-01 5.401553e-01 5.150000e-01 -1.400000e-01 3.424501e-01 5.382547e-01
5.150000e-01 -1.400000e-01 3.424501e-01 5.382547e-01 5.200000e-01 -1.350000e-01 3.416812e-01 5.420310e-01
4.500000e-02 -1.300000e-01 3.372907e-01 4.884402e-01 4.000000e-02 -1.250000e-01 3.382531e-01 4.905142e-01
4.500000e-02 -1.300000e-01 3.372907e-01 4.884402e-01 5.500000e-02 -1.300000e-01 3.391542e-01 4.923133e-01
5.500000e-02 -1.300000e-01 3.391542e-01 4.923133e-01 6.500000e-02 -1.300000e-01 3.408819e-01 4.961294e-01
7.000000e-02 -1.350000e-01 3.398012e-01 4.938452e-01 6.500000e-02 -1.300000e-01 3.408819e-01 4.961294e-01
5.200000e-01 -1.350000e-01 3.416812e-01 5.420310e-01 5.250000e-01 -1.300000e-01 3.408260e-01 5.457709e-01
5.250000e-01 -1.300000e-01 3.408260e-01 5.457709e-01 5.350000e-01 -1.300000e-01 3.412976e-01 5.435804e-01
5.350000e-01 -1.300000e-01 3.412976e-01 5.435804e-01 5.450000e-01 -1.300000e-01 3.418816e-01 5.412773e-01
5.450000e-01 -1.300000e-01 3.418816e-01 5.412773e-01 5.500000e-01 -1.250000e-01 3.410261e-01 5.447588e-01
2.500000e-02 -1.200000e-01 3.371904e-01 4.884546e-01 2.000000e-02 -1.150000e-01 3.381230e-01 4.903227e-01
2.500000e-02 -1.200000e-01 3.371904e-01 4.884546e-01 3.500000e-02 -1.200000e-01 3.392823e-01 4.925113e-01
4.000000e-02 -1.250000e-01 3.382531e-01 4.905142e-01 3.500000e-02 -1.200000e-01 3.392823e-01 4.925113e-01
5.500000e-01 -1.250000e-01 3.410261e-01 5.447588e-01 5.550000e-01 -1.200000e-01 3.400849e-01 5.481951e-01
5.550000e-01 -1.200000e-01 3.400849e-01 5.481951e-01 5.650000e-01 -1.200000e-01 3.408013e-01 5.456133e-01
5.650000e-01 -1.200000e-01 3.408013e-01 5.456133e-01 5.700000e-01 -1.150000e-01 3.398815e-01 5.488785e-01
5.000000e-03 -1.100000e-01 3.367780e-01 4.878889e-01 1.066855e-16 -1.050000e-01 3.376620e-01 4.895573e-01
5.000000e-03 -1.100000e-01 3.367780e-01 4.878889e-01 1.500000e-02 -1.100000e-01 3.391178e-01 4.921101e-01
2.000000e-02 -1.150000e-01 3.381230e-01 4.903227e-01 1.500000e-02 -1.100000e-01 3.391178e-01 4.921101e-01
5.700000e-01 -1.150000e-01 3.398815e-01 5.488785e-01 5.750000e-01 -1.100000e-01 3.388766e-01 5.520921e-01
5.750000e-01 -1.100000e-01 3.388766e-01 5.520921e-01 5.850000e-01 -1.100000e-01 3.397539e-01 5.492402e-01
5.850000e-01 -1.100000e-01 3.397539e-01 5.492402e-01 5.900000e-01 -1.050000e-01 3.387885e-01 5.522847e-01
-5.000000e-03 -1.000000e-01 3.386030e-01 4.911418e-01 -1.000000e-02 -9.500000e-02 3.394829e-01 4.926708e-01
1.066855e-16 -1.050000e-01 3.376620e-01 4.895573e-01 -5.000000e-03 -1.000000e-01 3.386030e-01 4.911418e-01
5.900000e-01 -1.050000e-01 3.387885e-01 5.522847e-01 5.950000e-01 -1.000000e-01 3.377394e-01 5.552714e-01
5.950000e-01 -1.000000e-01 3.377394e-01 5.552714e-01 6.050000e-01 -1.000000e-01 3.388054e-01 5.521605e-01
6.050000e-01 -1.000000e-01 3.388054e-01 5.521605e-01 6.100000e-01 -9.500000e-02 3.378137e-01 5.549820e-01
-2.500000e-02 -9.000000e-02 3.376837e-01 4.896431e-01 -3.000000e-02 -8.500000e-02 3.384850e-01 4.909838e-01
-2.500000e-02 -9.000000e-02 3.376837e-01 4.896431e-01 -1.500000e-02 -9.000000e-02 3.404167e-01 4.941134e-01
-1.000000e-02 -9.500000e-02 3.394829e-01 4.926708e-01 -1.500000e-02 -9.000000e-02 3.404167e-01 4.941134e-01
6.100000e-01 -9.500000e-02 3.378137e-01 5.549820e-01 6.150000e-01 -9.000000e-02 3.367407e-01 5.577393e-01
6.150000e-01 -9.000000e-02 3.367407e-01 5.577393e-01 6.250000e-01 -9.000000e-02 3.380218e-01 5.543835e-01
6.250000e-01 -9.000000e-02 3.380218e-01 5.543835e-01 6.300000e-01 -8.500000e-02 3.370239e-01 5.569811e-01
-4.500000e-02 -8.000000e-02 3.363097e-01 4.876552e-01 -5.000000e-02 -7.500000e-02 3.370153e-01 4.888180e-01
-4.500000e-02 -8.000000e-02 3.363097e-01 4.876552e-01 -3.500000e-02 -8.000000e-02 3.393341e-01 4.922358e-01
-3.000000e-02 -8.500000e-02 3.384850e-01 4.909838e-01 -3.500000e-02 -8.000000e-02 3.393341e-01 4.922358e-01
6.300000e-01 -8.500000e-02 3.370239e-01 5.569811e-01 6.350000e-01 -8.000000e-02 3.359480e-01 5.595088e-01
6.350000e-01 -8.000000e-02 3.359480e-01 5.595088e-01 6.450000e-01 -8.000000e-02 3.374691e-01 5.559245e-01
6.450000e-01 -8.000000e-02 3.374691e-01 5.559245e-01 6.500000e-01 -7.500000e-02 3.364854e-01 5.582998e-01
-5.500000e-02 -7.000000e-02 3.377622e-01 4.898907e-01 -6.000000e-02 -6.500000e-02 3.384330e-01 4.909241e-01
-5.000000e-02 -7.500000e-02 3.370153e-01 4.888180e-01 -5.500000e-02 -7.000000e-02 3.377622e-01 4.898907e-01
6.500000e-01 -7.500000e-02 3.364854e-01 5.582998e-01 6.550000e-01 -7.000000e-02 3.354276e-01 5.605997e-01
6.550000e-01 -7.000000e-02 3.354276e-01 5.605997e-01 6.600000e-01 -6.500000e-02 3.344228e-01 5.628266e-01
-6.500000e-02 -6.000000e-02 3.391412e-01 4.918656e-01 -7.000000e-02 -5.500000e-02 3.397697e-01 4.927717e-01
-6.000000e-02 -6.500000e-02 3.384330e-01 4.909241e-01 -6.500000e-02 -6.000000e-02 3.391412e-01 4.918656e-01
6.600000e-01 -6.500000e-02 3.344228e-01 5.628266e-01 6.650000e-01 -6.000000e-02 3.333458e-01 5.649739e-01
6.650000e-01 -6.000000e-02 3.333458e-01 5.649739e-01 6.750000e-01 -6.000000e-02 3.352438e-01 5.610381e-01
6.750000e-01 -6.000000e-02 3.352438e-01 5.610381e-01 6.800000e-01 -5.500000e-02 3.342861e-01 5.630462e-01
-7.500000e-02 -5.000000e-02 3.404317e-01 4.935847e-01 -8.000000e-02 -4.500000e-02 3.410105e-01 4.943664e-01
-7.000000e-02 -5.500000e-02 3.397697e-01 4.927717e-01 -7.500000e-02 -5.000000e-02 3.404317e-01 4.935847e-01
6.800000e-01 -5.500000e-02 3.342861e-01 5.630462e-01 6.850000e-01 -5.000000e-02 3.332614e-01 5.649701e-01
6.850000e-01 -5.000000e-02 3.332614e-01 5.649701e-01 6.900000e-01 -4.500000e-02 3.323028e-01 5.668286e-01
-9.500000e-02 -4.000000e-02 3.378024e-01 4.901940e-01 -1.000000e-01 -3.500000e-02 3.382378e-01 4.908302e-01
-9.500000e-02 -4.000000e-02 3.378024e-01 4.901940e-01 -8.500000e-02 -4.000000e-02 3.416186e-01 4.950540e-01
-8.000000e-02 -4.500000e-02 3.410105e-01 4.943664e-01 -8.500000e-02 -4.000000e-02 3.416186e-01 4.950540e-01
6.900000e-01 -4.500000e-02 3.323028e-01 5.668286e-01 6.950000e-01 -4.000000e-02 3.312799e-01 5.685993e-01
6.950000e-01 -4.000000e-02 3.312799e-01 5.685993e-01 7.050000e-01 -4.000000e-02 3.336154e-01 5.643601e-01
7.050000e-01 -4.000000e-02 3.336154e-01 5.643601e-01 7.100000e-01 -3.500000e-02 3.327366e-01 5.660088e-01
-1.050000e-01 -3.000000e-02 3.386952e-01 4.913732e-01 -1.100000e-01 -2.500000e-02 3.390636e-01 4.918961e-01
-1.000000e-01 -3.500000e-02 3.382378e-01 4.908302e-01 -1.050000e-01 -3.000000e-02 3.386952e-01 4.913732e-01
7.100000e-01 -3.500000e-02 3.327366e-01 5.660088e-01 7.150000e-01 -3.000000e-02 3.318001e-01 5.675664e-01
7.150000e-01 -3.000000e-02 3.318001e-01 5.675664e-01 7.200000e-01 -2.500000e-02 3.309413e-01 5.690678e-01
-1.150000e-01 -2.000000e-02 3.394496e-01 4.923258e-01 -1.200000e-01 -1.500000e-02 3.397443e-01 4.927400e-01
-1.100000e-01 -2.500000e-02 3.390636e-01 4.918961e-01 -1.150000e-01 -2.000000e-02 3.394496e-01 4.923258e-01
7.200000e-01 -2.500000e-02 3.309413e-01 5.690678e-01 7.250000e-01 -2.000000e-02 3.300282e-01 5.704751e-01
7.250000e-01 -2.000000e-02 3.300282e-01 5.704751e-01 7.300000e-01 -1.500000e-02 3.291974e-01 5.718300e-01
-1.250000e-01 -1.000000e-02 3.400520e-01 4.930608e-01 -1.300000e-01 -5.000000e-03 3.402663e-01 4.933709e-01
-1.200000e-01 -1.500000e-02 3.397443e-01 4.927400e-01 -1.250000e-01 -1.000000e-02 3.400520e-01 4.930608e-01
7.300000e-01 -1.500000e-02 3.291974e-01 5.718300e-01 7.350000e-01 -1.000000e-02 3.283163e-01 5.730878e-01
7.350000e-01 -1.000000e-02 3.283163e-01 5.730878e-01 7.450000e-01 -1.000000e-02 3.313101e-01 5.685046e-01
7.450000e-01 -1.000000e-02 3.313101e-01 5.685046e-01 7.500000e-01 -5.000000e-03 3.306030e-01 5.696694e-01
-1.350000e-01 1.066855e-16 3.404891e-01 4.935880e-01 -1.400000e-01 5.000000e-03 3.406167e-01 4.937990e-01
-1.300000e-01 -5.000000e-03 3.402663e-01 4.933709e-01 -1.350000e-01 1.066855e-16 3.404891e-01 4.935880e-01
7.500000e-01 -5.000000e-03 3.306030e-01 5.696694e-01 7.550000e-01 1.066855e-16 3.298533e-01 5.707351e-01
7.550000e-01 1.066855e-16 3.298533e-01 5.707351e-01 7.600000e-01 5.000000e-03 3.291947e-01 5.717605e-01
-1.450000e-01 1.000000e-02 3.407480e-01 4.939178e-01 -1.500000e-01 1.500000e-02 3.407829e-01 4.940351e-01
-1.400000e-01 5.000000e-03 3.406167e-01 4.937990e-01 -1.450000e-01 1.000000e-02 3.407480e-01 4.939178e-01
7.600000e-01 5.000000e-03 3.291947e-01 5.717605e-01 7.650000e-01 1.000000e-02 3.284980e-01 5.726849e-01
7.650000e-01 1.000000e-02 3.284980e-01 5.726849e-01 7.700000e-01 1.500000e-02 3.278961e-01 5.735735e-01
-1.550000e-01 2.000000e-02 3.408168e-01 4.940613e-01 -1.600000e-01 2.500000e-02 3.407531e-01 4.940908e-01
-1.500000e-01 1.500000e-02 3.407829e-01 4.940351e-01 -1.550000e-01 2.000000e-02 3.408168e-01 4.940613e-01
7.700000e-01 1.500000e-02 3.278961e-01 5.735735e-01 7.750000e-01 2.000000e-02 3.272607e-01 5.743594e-01
7.750000e-01 2.000000e-02 3.272607e-01 5.743594e-01 7.800000e-01 2.500000e-02 3.267235e-01 5.751142e-01
-1.600000e-01 2.500000e-02 3.407531e-01 4.940908e-01 -1.600000e-01 3.500000e-02 3.457479e-01 4.989646e-01
7.800000e-01 2.500000e-02 3.267235e-01 5.751142e-01 7.850000e-01 3.000000e-02 3.261576e-01 5.757650e-01
7.850000e-01 3.000000e-02 3.261576e-01 5.757650e-01 7.900000e-01 3.500000e-02 3.256928e-01 5.763898e-01
-1.650000e-01 4.000000e-02 3.456704e-01 4.988135e-01 -1.700000e-01 4.500000e-02 3.454927e-01 4.986729e-01
-1.600000e-01 3.500000e-02 3.457479e-01 4.989646e-01 -1.650000e-01 4.000000e-02 3.456704e-01 4.988135e-01
7.900000e-01 3.500000e-02 3.256928e-01 5.763898e-01 7.950000e-01 4.000000e-02 3.252046e-01 5.769097e-01
7.950000e-01 4.000000e-02 3.252046e-01 5.769097e-01 8.000000e-01 4.500000e-02 3.248200e-01 5.774086e-01
-1.750000e-01 5.000000e-02 3.453020e-01 4.984435e-01 -1.800000e-01 5.500000e-02 3.450108e-01 4.982293e-01
-1.700000e-01 4.500000e-02 3.454927e-01 4.986729e-01 -1.750000e-01 5.000000e-02 3.453020e-01 4.984435e-01
8.000000e-01 4.500000e-02 3.248200e-01 5.774086e-01 8.050000e-01 5.000000e-02 3.244173e-01 5.778019e-01
8.050000e-01 5.000000e-02 3.244173e-01 5.778019e-01 8.100000e-01 5.500000e-02 3.241204e-01 5.781797e-01
-1.850000e-01 6.000000e-02 3.447021e-01 4.979285e-01 -1.900000e-01 6.500000e-02 3.442929e-01 4.976475e-01
-1.800000e-01 5.500000e-02 3.450108e-01 4.982293e-01 -1.850000e-01 6.000000e-02 3.447021e-01 4.979285e-01
8.100000e-01 5.500000e-02 3.241204e-01 5.781797e-01 8.150000e-01 6.000000e-02 3.238106e-01 5.784516e-01
8.150000e-01 6.000000e-02 3.238106e-01 5.784516e-01 8.200000e-01 6.500000e-02 3.236087e-01 5.787134e-01
-1.900000e-01 6.500000e-02 3.442929e-01 4.976475e-01 -1.900000e-01 7.500000e-02 3.492281e-01 5.018520e-01
8.200000e-01 6.500000e-02 3.236087e-01 5.787134e-01 8.250000e-01 7.000000e-02 3.233993e-01 5.788695e-01
8.250000e-01 7.000000e-02 3.233993e-01 5.788695e-01 8.300000e-01 7.500000e-02 3.232991e-01 5.790209e-01
-1.950000e-01 8.000000e-02 3.487720e-01 5.014026e-01 -2.000000e-01 8.500000e-02 3.482144e-01 5.009803e-01
-1.900000e-01 7.500000e-02 3.492281e-01 5.018520e-01 -1.950000e-01 8.000000e-02 3.487720e-01 5.014026e-01
8.300000e-01 7.500000e-02 3.232991e-01 5.790209e-01 8.350000e-01 8.000000e-02 3.231970e-01 5.790674e-01
8.350000e-01 8.000000e-02 3.231970e-01 5.790674e-01 8.400000e-01 8.500000e-02 3.232050e-01 5.791146e-01
-2.050000e-01 9.000000e-02 3.476276e-01 5.004767e-01 -2.100000e-01 9.500000e-02 3.469404e-01 5.000045e-01
-2.000000e-01 8.500000e-02 3.482144e-01 5.009803e-01 -2.050000e-01 9.000000e-02 3.476276e-01 5.004767e-01
8.400000e-01 8.500000e-02 3.232050e-01 5.791146e-01 8.450000e-01 9.000000e-02 3.232166e-01 5.790577e-01
8.450000e-01 9.000000e-02 3.232166e-01 5.790577e-01 8.500000e-01 9.500000e-02 3.233390e-01 5.790071e-01
-2.100000e-01 9.500000e-02 3.469404e-01 5.000045e-01 -2.100000e-01 1.050000e-01 3.517730e-01 5.037364e-01
8.500000e-01 9.500000e-02 3.233390e-01 5.790071e-01 8.550000e-01 1.000000e-01 3.234705e-01 5.788539e-01
8.550000e-01 1.000000e-01 3.234705e-01 5.788539e-01 8.600000e-01 1.050000e-01 3.237128e-01 5.787124e-01
-2.150000e-01 1.100000e-01 3.510156e-01 5.031086e-01 -2.200000e-01 1.150000e-01 3.501582e-01 5.025194e-01
-2.100000e-01 1.050000e-01 3.517730e-01 5.037364e-01 -2.150000e-01 1.100000e-01 3.510156e-01 5.031086e-01
8.600000e-01 1.050000e-01 3.237128e-01 5.787124e-01 8.650000e-01 1.100000e-01 3.239696e-01 5.784700e-01
8.650000e-01 1.100000e-01 3.239696e-01 5.784700e-01 8.700000e-01 1.150000e-01 3.243371e-01 5.782447e-01
-2.200000e-01 1.150000e-01 3.501582e-01 5.025194e-01 -2.200000e-01 1.250000e-01 3.549161e-01 5.059506e-01
8.700000e-01 1.150000e-01 3.243371e-01 5.782447e-01 8.700000e-01 1.250000e-01 3.193941e-01 5.825395e-01
-2.250000e-01 1.300000e-01 3.539745e-01 5.052143e-01 -2.300000e-01 1.350000e-01 3.529339e-01 5.045235e-01
-2.200000e-01 1.250000e-01 3.549161e-01 5.059506e-01 -2.250000e-01 1.300000e-01 3.539745e-01 5.052143e-01
8.700000e-01 1.250000e-01 3.193941e-01 5.825395e-01 8.750000e-01 1.300000e-01 3.198044e-01 5.821159e-01
8.750000e-01 1.300000e-01 3.198044e-01 5.821159e-01 8.800000e-01 1.350000e-01 3.203266e-01 5.817180e-01
-2.300000e-01 1.350000e-01 3.529339e-01 5.045235e-01 -2.300000e-01 1.450000e-01 3.575935e-01 5.076630e-01
8.800000e-01 1.350000e-01 3.203266e-01 5.817180e-01 8.850000e-01 1.400000e-01 3.208771e-01 5.812233e-01
8.850000e-01 1.400000e-01 3.208771e-01 5.812233e-01 8.900000e-01 1.450000e-01 3.215381e-01 5.807595e-01
-2.350000e-01 1.500000e-01 3.564552e-01 5.068354e-01 -2.400000e-01 1.550000e-01 3.552199e-01 5.060598e-01
-2.300000e-01 1.450000e-01 3.575935e-01 5.076630e-01 -2.350000e-01 1.500000e-01 3.564552e-01 5.068354e-01
8.900000e-01 1.450000e-01 3.215381e-01 5.807595e-01 8.950000e-01 1.500000e-01 3.222325e-01 5.802020e-01
8.950000e-01 1.500000e-01 3.222325e-01 5.802020e-01 9.000000e-01 1.550000e-01 3.230359e-01 5.796803e-01
-2.400000e-01 1.550000e-01 3.552199e-01 5.060598e-01 -2.400000e-01 1.650000e-01 3.597579e-01 5.089194e-01
9.000000e-01 1.550000e-01 3.230359e-01 5.796803e-01 9.000000e-01 1.650000e-01 3.182585e-01 5.832334e-01
-2.450000e-01 1.700000e-01 3.584120e-01 5.080185e-01 -2.500000e-01 1.750000e-01 3.569720e-01 5.071760e-01
-2.400000e-01 1.650000e-01 3.597579e-01 5.089194e-01 -2.450000e-01 1.700000e-01 3.584120e-01 5.080185e-01
9.000000e-01 1.650000e-01 3.182585e-01 5.832334e-01 9.050000e-01 1.700000e-01 3.191417e-01 5.825316e-01
9.050000e-01 1.700000e-01 3.191417e-01 5.825316e-01 9.100000e-01 1.750000e-01 3.201327e-01 5.818737e-01
-2.500000e-01 1.750000e-01 3.569720e-01 5.071760e-01 -2.500000e-01 1.850000e-01 3.613659e-01 5.097699e-01
9.100000e-01 1.750000e-01 3.201327e-01 5.818737e-01 9.150000e-01 1.800000e-01 3.211699e-01 5.811299e-01
9.150000e-01 1.800000e-01 3.211699e-01 5.811299e-01 9.200000e-01 1.850000e-01 3.223124e-01 5.804345e-01
-2.550000e-01 1.900000e-01 3.598034e-01 5.088150e-01 -2.600000e-01 1.950000e-01 3.581504e-01 5.079240e-01
-2.500000e-01 1.850000e-01 3.613659e-01 5.097699e-01 -2.550000e-01 1.900000e-01 3.598034e-01 5.088150e-01
9.200000e-01 1.850000e-01 3.223124e-01 5.804345e-01 9.200000e-01 1.950000e-01 3.177227e-01 5.834696e-01
-2.600000e-01 1.950000e-01 3.581504e-01 5.079240e-01 -2.600000e-01 2.050000e-01 3.623786e-01 5.102692e-01
9.200000e-01 1.950000e-01 3.177227e-01 5.834696e-01 9.250000e-01 2.000000e-01 3.189697e-01 5.826119e-01
9.250000e-01 2.000000e-01 3.189697e-01 5.826119e-01 9.300000e-01 2.050000e-01 3.203193e-01 5.818102e-01
-2.600000e-01 2.050000e-01 3.623786e-01 5.102692e-01 -2.600000e-01 2.150000e-01 3.665618e-01 5.124731e-01
9.300000e-01 2.050000e-01 3.203193e-01 5.818102e-01 9.300000e-01 2.150000e-01 3.158598e-01 5.845138e-01
-2.650000e-01 2.200000e-01 3.647048e-01 5.114382e-01 -2.700000e-01 2.250000e-01 3.627623e-01 5.104749e-01
-2.600000e-01 2.150000e-01 3.665618e-01 5.124731e-01 -2.650000e-01 2.200000e-01 3.647048e-01 5.114382e-01
9.300000e-01 2.150000e-01 3.158598e-01 5.845138e-01 9.350000e-01 2.200000e-01 3.173289e-01 5.835616e-01
9.350000e-01 2.200000e-01 3.173289e-01 5.835616e-01 9.400000e-01 2.250000e-01 3.188971e-01 5.826726e-01
-2.700000e-01 2.250000e-01 3.627623e-01 5.104749e-01 -2.700000e-01 2.350000e-01 3.667499e-01 5.124544e-01
9.400000e-01 2.250000e-01 3.188971e-01 5.826726e-01 9.450000e-01 2.300000e-01 3.205300e-01 5.817143e-01
9.450000e-01 2.300000e-01 3.205300e-01 5.817143e-01 9.500000e-01 2.350000e-01 3.222582e-01 5.808223e-01
-2.750000e-01 2.400000e-01 3.646597e-01 5.114130e-01 -2.800000e-01 2.450000e-01 3.624891e-01 5.104474e-01
-2.700000e-01 2.350000e-01 3.667499e-01 5.124544e-01 -2.750000e-01 2.400000e-01 3.646597e-01 5.114130e-01
9.500000e-01 2.350000e-01 3.222582e-01 5.808223e-01 9.500000e-01 2.450000e-01 3.180915e-01 5.830763e-01
-2.800000e-01 2.450000e-01 3.624891e-01 5.104474e-01 -2.800000e-01 2.550000e-01 3.662630e-01 5.122246e-01
9.500000e-01 2.450000e-01 3.180915e-01 5.830763e-01 9.550000e-01 2.500000e-01 3.199586e-01 5.820583e-01
9.550000e-01 2.500000e-01 3.199586e-01 5.820583e-01 9.600000e-01 2.550000e-01 3.219162e-01 5.811127e-01
-2.800000e-01 2.550000e-01 3.662630e-01 5.122246e-01 -2.800000e-01 2.650000e-01 3.699680e-01 5.138738e-01
9.600000e-01 2.550000e-01 3.219162e-01 5.811127e-01 9.600000e-01 2.650000e-01 3.179433e-01 5.830810e-01
-2.800000e-01 2.650000e-01 3.699680e-01 5.138738e-01 -2.800000e-01 2.750000e-01 3.735994e-01 5.153966e-01
9.600000e-01 2.650000e-01 3.179433e-01 5.830810e-01 9.650000e-01 2.700000e-01 3.200510e-01 5.820251e-01
9.650000e-01 2.700000e-01 3.200510e-01 5.820251e-01 9.700000e-01 2.750000e-01 3.222437e-01 5.810470e-01
-2.850000e-01 2.800000e-01 3.711098e-01 5.143194e-01 -2.900000e-01 2.850000e-01 3.685486e-01 5.133255e-01
-2.800000e-01 2.750000e-01 3.735994e-01 5.153966e-01 -2.850000e-01 2.800000e-01 3.711098e-01 5.143194e-01
9.700000e-01 2.750000e-01 3.222437e-01 5.810470e-01 9.700000e-01 2.850000e-01 3.184870e-01 5.827504e-01
-2.900000e-01 2.850000e-01 3.685486e-01 5.133255e-01 -2.900000e-01 2.950000e-01 3.719333e-01 5.146862e-01
9.700000e-01 2.850000e-01 3.184870e-01 5.827504e-01 9.750000e-01 2.900000e-01 3.208395e-01 5.816789e-01
9.750000e-01 2.900000e-01 3.208395e-01 5.816789e-01 9.800000e-01 2.950000e-01 3.232708e-01 5.806895e-01
-2.900000e-01 2.950000e-01 3.719333e-01 5.146862e-01 -2.900000e-01 3.050000e-01 3.752313e-01 5.159313e-01
9.800000e-01 2.950000e-01 3.232708e-01 5.806895e-01 9.800000e-01 3.050000e-01 3.197503e-01 5.821516e-01
-2.900000e-01 3.050000e-01 3.752313e-01 5.159313e-01 -2.900000e-01 3.150000e-01 3.784383e-01 5.170636e-01
9.800000e-01 3.050000e-01 3.197503e-01 5.821516e-01 9.850000e-01 3.100000e-01 3.223492e-01 5.810867e-01
9.850000e-01 3.100000e-01 3.223492e-01 5.810867e-01 9.900000e-01 3.150000e-01 3.250205e-01 5.801072e-01
-2.900000e-01 3.150000e-01 3.784383e-01 5.170636e-01 -2.900000e-01 3.250000e-01 3.815497e-01 5.180859e-01
9.900000e-01 3.150000e-01 3.250205e-01 5.801072e-01 9.900000e-01 3.250000e-01 3.217537e-01 5.813538e-01
-2.950000e-01 3.300000e-01 3.785548e-01 5.170382e-01 -3.000000e-01 3.350000e-01 3.755009e-01 5.160798e-01
-2.900000e-01 3.250000e-01 3.815497e-01 5.180859e-01 -2.950000e-01 3.300000e-01 3.785548e-01 5.170382e-01
9.900000e-01 3.250000e-01 3.217537e-01 5.813538e-01 9.900000e-01 3.350000e-01 3.185774e-01 5.824563e-01
-3.000000e-01 3.350000e-01 3.755009e-01 5.160798e-01 -3.000000e-01 3.450000e-01 3.783323e-01 5.169972e-01
9.900000e-01 3.350000e-01 3.185774e-01 5.824563e-01 9.950000e-01 3.400000e-01 3.215123e-01 5.813966e-01
9.950000e-01 3.400000e-01 3.215123e-01 5.813966e-01 1.000000e+00 3.450000e-01 3.245105e-01 5.804269e-01
-3.000000e-01 3.450000e-01 3.783323e-01 5.169972e-01 -3.000000e-01 3.550000e-01 3.810573e-01 5.178190e-01
1.000000e+00 3.450000e-01 3.245105e-01 5.804269e-01 1.000000e+00 3.550000e-01 3.216120e-01 5.813507e-01
-3.000000e-01 3.550000e-01 3.810573e-01 5.178190e-01 -3.000000e-01 3.650000e-01 3.836720e-01 5.185489e-01
1.000000e+00 3.550000e-01 3.216120e-01 5.813507e-01 1.005000e+00 3.600000e-01 3.247913e-01 5.803502e-01
1.005000e+00 3.600000e-01 3.247913e-01 5.803502e-01 1.010000e+00 3.650000e-01 3.280265e-01 5.794408e-01
-3.000000e-01 3.650000e-01 3.836720e-01 5.185489e-01 -3.000000e-01 3.750000e-01 3.861725e-01 5.191910e-01
1.010000e+00 3.650000e-01 3.280265e-01 5.794408e-01 1.010000e+00 3.750000e-01 3.254167e-01 5.802153e-01
-3.000000e-01 3.750000e-01 3.861725e-01 5.191910e-01 -3.000000e-01 3.850000e-01 3.885551e-01 5.197497e-01
1.010000e+00 3.750000e-01 3.254167e-01 5.802153e-01 1.010000e+00 3.850000e-01 3.229196e-01 5.808691e-01
-3.000000e-01 3.850000e-01 3.885551e-01 5.197497e-01 -3.000000e-01 3.950000e-01 3.908164e-01 5.202294e-01
1.010000e+00 3.850000e-01 3.229196e-01 5.808691e-01 1.015000e+00 3.900000e-01 3.264304e-01 5.799479e-01
1.015000e+00 3.900000e-01 3.264304e-01 5.799479e-01 1.020000e+00 3.950000e-01 3.299871e-01 5.791190e-01
-3.050000e-01 4.000000e-01 3.871226e-01 5.193641e-01 -3.100000e-01 4.050000e-01 3.833897e-01 5.185906e-01
-3.000000e-01 3.950000e-01 3.908164e-01 5.202294e-01 -3.050000e-01 4.000000e-01 3.871226e-01 5.193641e-01
1.020000e+00 3.950000e-01 3.299871e-01 5.791190e-01 1.020000e+00 4.050000e-01 3.277929e-01 5.796654e-01
-3.100000e-01 4.050000e-01 3.833897e-01 5.185906e-01 -3.100000e-01 4.150000e-01 3.853425e-01 5.190549e-01
1.020000e+00 4.050000e-01 3.277929e-01 5.796654e-01 1.020000e+00 4.150000e-01 3.257224e-01 5.801071e-01
-3.100000e-01 4.150000e-01 3.853425e-01 5.190549e-01 -3.100000e-01 4.250000e-01 3.871675e-01 5.194578e-01
1.020000e+00 4.150000e-01 3.257224e-01 5.801071e-01 1.020000e+00 4.250000e-01 3.237795e-01 5.804484e-01
-3.100000e-01 4.250000e-01 3.871675e-01 5.194578e-01 -3.100000e-01 4.350000e-01 3.888620e-01 5.198047e-01
1.020000e+00 4.250000e-01 3.237795e-01 5.804484e-01 1.025000e+00 4.300000e-01 3.277055e-01 5.796658e-01
1.025000e+00 4.300000e-01 3.277055e-01 5.796658e-01 1.030000e+00 4.350000e-01 3.316647e-01 5.789751e-01
-3.100000e-01 4.350000e-01 3.888620e-01 5.198047e-01 -3.100000e-01 4.450000e-01 3.904235e-01 5.201007e-01
1.030000e+00 4.350000e-01 3.316647e-01 5.789751e-01 1.030000e+00 4.450000e-01 3.300372e-01 5.792654e-01
-3.100000e-01 4.450000e-01 3.904235e-01 5.201007e-01 -3.100000e-01 4.550000e-01 3.918496e-01 5.203513e-01
1.030000e+00 4.450000e-01 3.300372e-01 5.792654e-01 1.030000e+00 4.550000e-01 3.285451e-01 5.794734e-01
-3.100000e-01 4.550000e-01 3.918496e-01 5.203513e-01 -3.100000e-01 4.650000e-01 3.931384e-01 5.205622e-01
1.030000e+00 4.550000e-01 3.285451e-01 5.794734e-01 1.030000e+00 4.650000e-01 3.271917e-01 5.796044e-01
-3.100000e-01 4.650000e-01 3.931384e-01 5.205622e-01 -3.100000e-01 4.750000e-01 3.942879e-01 5.207390e-01
1.030000e+00 4.650000e-01 3.271917e-01 5.796044e-01 1.035000e+00 4.700000e-01 3.315118e-01 5.790285e-01
1.035000e+00 4.700000e-01 3.315118e-01 5.790285e-01 1.040000e+00 4.750000e-01 3.358525e-01 5.785406e-01
-3.100000e-01 4.750000e-01 3.942879e-01 5.207390e-01 -3.100000e-01 4.850000e-01 3.952968e-01 5.208874e-01
1.040000e+00 4.750000e-01 3.358525e-01 5.785406e-01 1.040000e+00 4.850000e-01 3.348164e-01 5.786779e-01
-3.100000e-01 4.850000e-01 3.952968e-01 5.208874e-01 -3.100000e-01 4.950000e-01 3.961634e-01 5.210135e-01
1.040000e+00 4.850000e-01 3.348164e-01 5.786779e-01 1.040000e+00 4.950000e-01 3.339230e-01 5.787576e-01
-3.100000e-01 4.950000e-01 3.961634e-01 5.210135e-01 -3.100000e-01 5.050000e-01 3.968868e-01 5.211231e-01
1.040000e+00 4.950000e-01 3.339230e-01 5.787576e-01 1.040000e+00 5.050000e-01 3.331746e-01 5.787853e-01
-3.100000e-01 5.050000e-01 3.968868e-01 5.211231e-01 -3.100000e-01 5.150000e-01 3.974662e-01 5.212222e-01
1.040000e+00 5.050000e-01 3.331746e-01 5.787853e-01 1.040000e+00 5.150000e-01 3.325732e-01 5.787672e-01
-3.100000e-01 5.150000e-01 3.974662e-01 5.212222e-01 -3.050000e-01 5.200000e-01 4.026737e-01 5.214869e-01
-3.050000e-01 5.200000e-01 4.026737e-01 5.214869e-01 -3.000000e-01 5.250000e-01 4.078874e-01 5.216846e-01
1.040000e+00 5.150000e-01 3.325732e-01 5.787672e-01 1.045000e+00 5.200000e-01 3.373362e-01 5.785119e-01
1.045000e+00 5.200000e-01 3.373362e-01 5.785119e-01 1.050000e+00 5.250000e-01 3.421064e-01 5.783367e-01
-3.000000e-01 5.250000e-01 4.078874e-01 5.216846e-01 -3.000000e-01 5.350000e-01 4.081858e-01 5.216339e-01
1.050000e+00 5.250000e-01 3.421064e-01 5.783367e-01 1.050000e+00 5.350000e-01 3.418123e-01 5.783935e-01
-3.000000e-01 5.350000e-01 4.081858e-01 5.216339e-01 -3.000000e-01 5.450000e-01 4.083349e-01 5.215909e-01
1.050000e+00 5.350000e-01 3.418123e-01 5.783935e-01 1.050000e+00 5.450000e-01 3.416648e-01 5.784240e-01
-3.000000e-01 5.450000e-01 4.083349e-01 5.215909e-01 -3.000000e-01 5.550000e-01 4.083350e-01 5.215621e-01
1.050000e+00 5.450000e-01 3.416648e-01 5.784240e-01 1.050000e+00 5.550000e-01 3.416648e-01 5.784343e-01
-3.000000e-01 5.550000e-01 4.083350e-01 5.215621e-01 -3.000000e-01 5.650000e-01 4.081865e-01 5.215536e-01
1.050000e+00 5.550000e-01 3.416648e-01 5.784343e-01 1.050000e+00 5.650000e-01 3.418128e-01 5.784305e-01
-3.000000e-01 5.650000e-01 4.081865e-01 5.215536e-01 -3.000000e-01 5.750000e-01 4.078902e-01 5.215717e-01
1.050000e+00 5.650000e-01 3.418128e-01 5.784305e-01 1.050000e+00 5.750000e-01 3.421088e-01 5.784190e-01
-3.000000e-01 5.750000e-01 4.078902e-01 5.215717e-01 -3.000000e-01 5.850000e-01 4.074472e-01 5.216224e-01
1.050000e+00 5.750000e-01 3.421088e-01 5.784190e-01 1.050000e+00 5.850000e-01 3.425529e-01 5.784060e-01
-3.000000e-01 5.850000e-01 4.074472e-01 5.216224e-01 -3.000000e-01 5.950000e-01 4.068588e-01 5.217119e-01
1.050000e+00 5.850000e-01 3.425529e-01 5.784060e-01 1.050000e+00 5.950000e-01 3.431449e-01 5.783977e-01
-3.000000e-01 5.950000e-01 4.068588e-01 5.217119e-01 -2.950000e-01 6.000000e-01 4.114652e-01 5.214130e-01
-2.950000e-01 6.000000e-01 4.114652e-01 5.214130e-01 -2.900000e-01 6.050000e-01 4.160595e-01 5.210305e-01
1.050000e+00 5.950000e-01 3.431449e-01 5.783977e-01 1.050000e+00 6.050000e-01 3.438840e-01 5.784003e-01
-2.900000e-01 6.050000e-01 4.160595e-01 5.210305e-01 -2.900000e-01 6.150000e-01 4.151592e-01 5.210720e-01
1.050000e+00 6.050000e-01 3.438840e-01 5.784003e-01 1.050000e+00 6.150000e-01 3.447694e-01 5.784202e-01
-2.900000e-01 6.150000e-01 4.151592e-01 5.210720e-01 -2.900000e-01 6.250000e-01 4.141150e-01 5.211718e-01
1.050000e+00 6.150000e-01 3.447694e-01 5.784202e-01 1.050000e+00 6.250000e-01 3.458000e-01 5.784634e-01
-2.900000e-01 6.250000e-01 4.141150e-01 5.211718e-01 -2.900000e-01 6.350000e-01 4.129293e-01 5.213355e-01
1.050000e+00 6.250000e-01 3.458000e-01 5.784634e-01 1.050000e+00 6.350000e-01 3.469744e-01 5.785359e-01
-2.900000e-01 6.350000e-01 4.129293e-01 5.213355e-01 -2.900000e-01 6.450000e-01 4.116048e-01 5.215687e-01
1.050000e+00 6.350000e-01 3.469744e-01 5.785359e-01 1.050000e+00 6.450000e-01 3.482908e-01 5.786439e-01
-2.900000e-01 6.450000e-01 4.116048e-01 5.215687e-01 -2.850000e-01 6.500000e-01 4.157644e-01 5.209926e-01
-2.850000e-01 6.500000e-01 4.157644e-01 5.209926e-01 -2.800000e-01 6.550000e-01 4.198974e-01 5.203269e-01
1.050000e+00 6.450000e-01 3.482908e-01 5.786439e-01 1.050000e+00 6.550000e-01 3.497473e-01 5.787931e-01
-2.800000e-01 6.550000e-01 4.198974e-01 5.203269e-01 -2.800000e-01 6.650000e-01 4.182575e-01 5.205818e-01
1.050000e+00 6.550000e-01 3.497473e-01 5.787931e-01 1.050000e+00 6.650000e-01 3.513420e-01 5.789894e-01
-2.800000e-01 6.650000e-01 4.182575e-01 5.205818e-01 -2.800000e-01 6.750000e-01 4.164847e-01 5.209247e-01
1.050000e+00 6.650000e-01 3.513420e-01 5.789894e-01 1.050000e+00 6.750000e-01 3.530722e-01 5.792382e-01
-2.800000e-01 6.750000e-01 4.164847e-01 5.209247e-01 -2.750000e-01 6.800000e-01 4.203443e-01 5.201919e-01
-2.750000e-01 6.800000e-01 4.203443e-01 5.201919e-01 -2.700000e-01 6.850000e-01 4.241675e-01 5.193667e-01
1.050000e+00 6.750000e-01 3.530722e-01 5.792382e-01 1.050000e+00 6.850000e-01 3.549355e-01 5.795451e-01
-2.700000e-01 6.850000e-01 4.241675e-01 5.193667e-01 -2.700000e-01 6.950000e-01 4.220813e-01 5.197751e-01
1.050000e+00 6.850000e-01 3.549355e-01 5.795451e-01 1.050000e+00 6.950000e-01 3.569290e-01 5.799153e-01
-2.700000e-01 6.950000e-01 4.220813e-01 5.197751e-01 -2.700000e-01 7.050000e-01 4.198707e-01 5.202893e-01
1.050000e+00 6.950000e-01 3.569290e-01 5.799153e-01 1.050000e+00 7.050000e-01 3.590496e-01 5.803540e-01
-2.700000e-01 7.050000e-01 4.198707e-01 5.202893e-01 -2.700000e-01 7.150000e-01 4.175401e-01 5.209134e-01
1.050000e+00 7.050000e-01 3.590496e-01 5.803540e-01 1.050000e+00 7.150000e-01 3.612943e-01 5.808661e-01
-2.700000e-01 7.150000e-01 4.175401e-01 5.209134e-01 -2.650000e-01 7.200000e-01 4.209938e-01 5.200595e-01
-2.650000e-01 7.200000e-01 4.209938e-01 5.200595e-01 -2.600000e-01 7.250000e-01 4.243984e-01 5.191137e-01
1.050000e+00 7.150000e-01 3.612943e-01 5.808661e-01 1.050000e+00 7.250000e-01 3.636598e-01 5.814561e-01
-2.600000e-01 7.250000e-01 4.243984e-01 5.191137e-01 -2.600000e-01 7.350000e-01 4.217694e-01 5.198589e-01
1.050000e+00 7.250000e-01 3.636598e-01 5.814561e-01 1.050000e+00 7.350000e-01 3.661423e-01 5.821287e-01
-2.600000e-01 7.350000e-01 4.217694e-01 5.198589e-01 -2.550000e-01 7.400000e-01 4.249902e-01 5.189257e-01
-2.550000e-01 7.400000e-01 4.249902e-01 5.189257e-01 -2.500000e-01 7.450000e-01 4.281545e-01 5.179008e-01
1.050000e+00 7.350000e-01 3.661423e-01 5.821287e-01 1.050000e+00 7.450000e-01 3.687384e-01 5.828881e-01
-2.500000e-01 7.450000e-01 4.281545e-01 5.179008e-01 -2.500000e-01 7.550000e-01 4.252350e-01 5.187973e-01
1.050000e+00 7.450000e-01 3.687384e-01 5.828881e-01 1.050000e+00 7.550000e-01 3.714443e-01 5.837383e-01
-2.500000e-01 7.550000e-01 4.252350e-01 5.187973e-01 -2.500000e-01 7.650000e-01 4.222155e-01 5.198298e-01
1.045000e+00 7.600000e-01 3.682868e-01 5.828051e-01 1.040000e+00 7.650000e-01 3.651854e-01 5.817819e-01
1.050000e+00 7.550000e-01 3.714443e-01 5.837383e-01 1.045000e+00 7.600000e-01 3.682868e-01 5.828051e-01
-2.500000e-01 7.650000e-01 4.222155e-01 5.198298e-01 -2.450000e-01 7.700000e-01 4.251088e-01 5.188582e-01
-2.450000e-01 7.700000e-01 4.251088e-01 5.188582e-01 -2.400000e-01 7.750000e-01 4.279360e-01 5.177981e-01
1.040000e+00 7.650000e-01 3.651854e-01 5.817819e-01 1.040000e+00 7.750000e-01 3.681761e-01 5.827242e-01
-2.400000e-01 7.750000e-01 4.279360e-01 5.177981e-01 -2.400000e-01 7.850000e-01 4.246465e-01 5.190214e-01
1.040000e+00 7.750000e-01 3.681761e-01 5.827242e-01 1.040000e+00 7.850000e-01 3.712663e-01 5.837721e-01
-2.400000e-01 7.850000e-01 4.246465e-01 5.190214e-01 -2.350000e-01 7.900000e-01 4.272990e-01 5.180195e-01
-2.350000e-01 7.900000e-01 4.272990e-01 5.180195e-01 -2.300000e-01 7.950000e-01 4.298785e-01 5.169317e-01
1.040000e+00 7.850000e-01 3.712663e-01 5.837721e-01 1.040000e+00 7.950000e-01 3.744517e-01 5.849289e-01
-2.300000e-01 7.950000e-01 4.298785e-01 5.169317e-01 -2.300000e-01 8.050000e-01 4.263341e-01 5.183733e-01
1.040000e+00 7.950000e-01 3.744517e-01 5.849289e-01 1.040000e+00 8.050000e-01 3.777278e-01 5.861974e-01
-2.300000e-01 8.050000e-01 4.263341e-01 5.183733e-01 -2.250000e-01 8.100000e-01 4.287449e-01 5.173624e-01
-2.250000e-01 8.100000e-01 4.287449e-01 5.173624e-01 -2.200000e-01 8.150000e-01 4.310761e-01 5.162690e-01
1.035000e+00 8.100000e-01 3.750652e-01 5.852078e-01 1.030000e+00 8.150000e-01 3.724718e-01 5.841335e-01
1.040000e+00 8.050000e-01 3.777278e-01 5.861974e-01 1.035000e+00 8.100000e-01 3.750652e-01 5.852078e-01
-2.200000e-01 8.150000e-01 4.310761e-01 5.162690e-01 -2.200000e-01 8.250000e-01 4.272948e-01 5.179547e-01
1.030000e+00 8.150000e-01 3.724718e-01 5.841335e-01 1.030000e+00 8.250000e-01 3.760019e-01 5.855530e-01
-2.200000e-01 8.250000e-01 4.272948e-01 5.179547e-01 -2.150000e-01 8.300000e-01 4.294654e-01 5.169562e-01
-2.150000e-01 8.300000e-01 4.294654e-01 5.169562e-01 -2.100000e-01 8.350000e-01 4.315502e-01 5.158797e-01
1.030000e+00 8.250000e-01 3.760019e-01 5.855530e-01 1.030000e+00 8.350000e-01 3.796101e-01 5.870957e-01
-2.100000e-01 8.350000e-01 4.315502e-01 5.158797e-01 -2.100000e-01 8.450000e-01 4.275523e-01 5.178333e-01
1.030000e+00 8.350000e-01 3.796101e-01 5.870957e-01 1.030000e+00 8.450000e-01 3.832917e-01 5.887636e-01
-2.100000e-01 8.450000e-01 4.275523e-01 5.178333e-01 -2.050000e-01 8.500000e-01 4.294863e-01 5.168686e-01
-2.050000e-01 8.500000e-01 4.294863e-01 5.168686e-01 -2.000000e-01 8.550000e-01 4.313290e-01 5.158314e-01
1.025000e+00 8.500000e-01 3.810244e-01 5.877859e-01 1.020000e+00 8.550000e-01 3.788354e-01 5.867304e-01
1.030000e+00 8.450000e-01 3.832917e-01 5.887636e-01 1.025000e+00 8.500000e-01 3.810244e-01 5.877859e-01
-2.000000e-01 8.550000e-01 4.313290e-01 5.158314e-01 -2.000000e-01 8.650000e-01 4.271369e-01 5.180740e-01
1.020000e+00 8.550000e-01 3.788354e-01 5.867304e-01 1.020000e+00 8.650000e-01 3.827394e-01 5.885912e-01
-2.000000e-01 8.650000e-01 4.271369e-01 5.180740e-01 -1.950000e-01 8.700000e-01 4.288405e-01 5.171645e-01
-1.950000e-01 8.700000e-01 4.288405e-01 5.171645e-01 -1.900000e-01 8.750000e-01 4.304478e-01 5.161886e-01
1.020000e+00 8.650000e-01 3.827394e-01 5.885912e-01 1.020000e+00 8.750000e-01 3.867032e-01 5.905858e-01
-1.900000e-01 8.750000e-01 4.304478e-01 5.161886e-01 -1.900000e-01 8.850000e-01 4.260859e-01 5.187383e-01
1.015000e+00 8.800000e-01 3.847386e-01 5.896412e-01 1.010000e+00 8.850000e-01 3.828587e-01 5.886253e-01
1.020000e+00 8.750000e-01 3.867032e-01 5.905858e-01 1.015000e+00 8.800000e-01 3.847386e-01 5.896412e-01
-1.900000e-01 8.850000e-01 4.260859e-01 5.187383e-01 -1.850000e-01 8.900000e-01 4.275669e-01 5.179046e-01
-1.850000e-01 8.900000e-01 4.275669e-01 5.179046e-01 -1.800000e-01 8.950000e-01 4.289478e-01 5.170111e-01
1.010000e+00 8.850000e-01 3.828587e-01 5.886253e-01 1.010000e+00 8.950000e-01 3.870179e-01 5.908417e-01
-1.800000e-01 8.950000e-01 4.289478e-01 5.170111e-01 -1.800000e-01 9.050000e-01 4.244419e-01 5.198833e-01
1.005000e+00 9.000000e-01 3.852763e-01 5.899179e-01 1.000000e+00 9.050000e-01 3.836241e-01 5.889275e-01
1.010000e+00 8.950000e-01 3.870179e-01 5.908417e-01 1.005000e+00 9.000000e-01 3.852763e-01 5.899179e-01
-1.800000e-01 9.050000e-01 4.244419e-01 5.198833e-01 -1.750000e-01 9.100000e-01 4.257106e-01 5.191447e-01
-1.750000e-01 9.100000e-01 4.257106e-01 5.191447e-01 -1.700000e-01 9.150000e-01 4.268760e-01 5.183539e-01
1.000000e+00 9.050000e-01 3.836241e-01 5.889275e-01 1.000000e+00 9.150000e-01 3.879591e-01 5.913858e-01
-1.700000e-01 9.150000e-01 4.268760e-01 5.183539e-01 -1.650000e-01 9.200000e-01 4.279911e-01 5.176456e-01
-1.650000e-01 9.200000e-01 4.279911e-01 5.176456e-01 -1.600000e-01 9.250000e-01 4.290000e-01 5.168891e-01
1.000000e+00 9.150000e-01 3.879591e-01 5.913858e-01 1.000000e+00 9.250000e-01 3.923293e-01 5.939883e-01
-1.600000e-01 9.250000e-01 4.290000e-01 5.168891e-01 -1.600000e-01 9.350000e-01 4.242838e-01 5.202658e-01
9.950000e-01 9.300000e-01 3.908650e-01 5.931612e-01 9.900000e-01 9.350000e-01 3.894939e-01 5.922756e-01
1.000000e+00 9.250000e-01 3.923293e-01 5.939883e-01 9.950000e-01 9.300000e-01 3.908650e-01 5.931612e-01
-1.600000e-01 9.350000e-01 4.242838e-01 5.202658e-01 -1.550000e-01 9.400000e-01 4.252042e-01 5.196835e-01
-1.550000e-01 9.400000e-01 4.252042e-01 5.196835e-01 -1.500000e-01 9.450000e-01 4.260170e-01 5.190610e-01
9.900000e-01 9.350000e-01 3.894939e-01 5.922756e-01 9.900000e-01 9.450000e-01 3.940087e-01 5.951411e-01
-1.500000e-01 9.450000e-01 4.260170e-01 5.190610e-01 -1.450000e-01 9.500000e-01 4.267919e-01 5.185297e-01
-1.450000e-01 9.500000e-01 4.267919e-01 5.185297e-01 -1.400000e-01 9.550000e-01 4.274571e-01 5.179630e-01
9.850000e-01 9.500000e-01 3.927483e-01 5.943793e-01 9.800000e-01 9.550000e-01 3.915841e-01 5.935653e-01
9.900000e-01 9.450000e-01 3.940087e-01 5.951411e-01 9.850000e-01 9.500000e-01 3.927483e-01 5.943793e-01
-1.400000e-01 9.550000e-01 4.274571e-01 5.179630e-01 -1.350000e-01 9.600000e-01 4.280893e-01 5.174908e-01
-1.350000e-01 9.600000e-01 4.280893e-01 5.174908e-01 -1.300000e-01 9.650000e-01 4.286100e-01 5.169882e-01
9.800000e-01 9.550000e-01 3.915841e-01 5.935653e-01 9.800000e-01 9.650000e-01 3.962212e-01 5.967080e-01
-1.300000e-01 9.650000e-01 4.286100e-01 5.169882e-01 -1.300000e-01 9.750000e-01 4.236946e-01 5.210936e-01
9.750000e-01 9.700000e-01 3.951550e-01 5.960293e-01 9.700000e-01 9.750000e-01 3.941869e-01 5.953049e-01
9.800000e-01 9.650000e-01 3.962212e-01 5.967080e-01 9.750000e-01 9.700000e-01 3.951550e-01 5.960293e-01
-1.300000e-01 9.750000e-01 4.236946e-01 5.210936e-01 -1.250000e-01 9.800000e-01 4.241632e-01 5.207857e-01
-1.250000e-01 9.800000e-01 4.241632e-01 5.207857e-01 -1.200000e-01 9.850000e-01 4.245210e-01 5.204561e-01
9.700000e-01 9.750000e-01 3.941869e-01 5.953049e-01 9.700000e-01 9.850000e-01 3.989232e-01 5.987367e-01
-1.200000e-01 9.850000e-01 4.245210e-01 5.204561e-01 -1.150000e-01 9.900000e-01 4.248595e-01 5.202260e-01
-1.150000e-01 9.900000e-01 4.248595e-01 5.202260e-01 -1.100000e-01 9.950000e-01 4.250867e-01 5.199794e-01
9.650000e-01 9.900000e-01 3.980399e-01 5.981578e-01 9.600000e-01 9.950000e-01 3.972559e-01 5.975401e-01
9.700000e-01 9.850000e-01 3.989232e-01 5.987367e-01 9.650000e-01 9.900000e-01 3.980399e-01 5.981578e-01
-1.100000e-01 9.950000e-01 4.250867e-01 5.199794e-01 -1.050000e-01 1.000000e+00 4.253000e-01 5.198345e-01
-1.050000e-01 1.000000e+00 4.253000e-01 5.198345e-01 -1.000000e-01 1.005000e+00 4.254018e-01 5.196786e-01
9.550000e-01 1.000000e+00 3.965087e-01 5.969991e-01 9.500000e-01 1.005000e+00 3.958624e-01 5.964233e-01
9.600000e-01 9.950000e-01 3.972559e-01 5.975401e-01 9.550000e-01 1.000000e+00 3.965087e-01 5.969991e-01
-1.000000e-01 1.005000e+00 4.254018e-01 5.196786e-01 -9.500000e-02 1.010000e+00 4.254952e-01 5.196260e-01
-9.500000e-02 1.010000e+00 4.254952e-01 5.196260e-01 -9.000000e-02 1.015000e+00 4.254773e-01 5.195679e-01
9.500000e-01 1.005000e+00 3.958624e-01 5.964233e-01 9.500000e-01 1.015000e+00 4.007412e-01 6.003109e-01
-9.000000e-02 1.015000e+00 4.254773e-01 5.195679e-01 -8.500000e-02 1.020000e+00 4.254564e-01 5.196146e-01
-8.500000e-02 1.020000e+00 4.254564e-01 5.196146e-01 -8.000000e-02 1.025000e+00 4.253248e-01 5.196612e-01
9.450000e-01 1.020000e+00 4.001573e-01 5.998960e-01 9.400000e-01 1.025000e+00 3.996742e-01 5.994535e-01
9.500000e-01 1.015000e+00 4.007412e-01 6.003109e-01 9.450000e-01 1.020000e+00 4.001573e-01 5.998960e-01
-8.000000e-02 1.025000e+00 4.253248e-01 5.196612e-01 -7.500000e-02 1.030000e+00 4.251960e-01 5.198134e-01
-7.500000e-02 1.030000e+00 4.251960e-01 5.198134e-01 -7.000000e-02 1.035000e+00 4.249575e-01 5.199713e-01
9.350000e-01 1.030000e+00 3.992164e-01 5.990945e-01 9.300000e-01 1.035000e+00 3.988601e-01 5.987125e-01
9.400000e-01 1.025000e+00 3.996742e-01 5.994535e-01 9.350000e-01 1.030000e+00 3.992164e-01 5.990945e-01
-7.000000e-02 1.035000e+00 4.249575e-01 5.199713e-01 -6.500000e-02 1.040000e+00 4.247273e-01 5.202355e-01
-6.500000e-02 1.040000e+00 4.247273e-01 5.202355e-01 -6.000000e-02 1.045000e+00 4.243888e-01 5.205105e-01
9.300000e-01 1.035000e+00 3.988601e-01 5.987125e-01 9.300000e-01 1.045000e+00 4.038204e-01 6.030809e-01
-6.000000e-02 1.045000e+00 4.243888e-01 5.205105e-01 -5.500000e-02 1.050000e+00 4.240642e-01 5.208920e-01
-5.500000e-02 1.050000e+00 4.240642e-01 5.208920e-01 -5.000000e-02 1.055000e+00 4.236332e-01 5.212899e-01
9.250000e-01 1.050000e+00 4.035030e-01 6.028710e-01 9.200000e-01 1.055000e+00 4.032857e-01 6.026453e-01
9.300000e-01 1.045000e+00 4.038204e-01 6.030809e-01 9.250000e-01 1.050000e+00 4.035030e-01 6.028710e-01
-5.000000e-02 1.055000e+00 4.236332e-01 5.212899e-01 -4.500000e-02 1.060000e+00 4.232214e-01 5.217940e-01
-4.500000e-02 1.060000e+00 4.232214e-01 5.217940e-01 -4.000000e-02 1.065000e+00 4.227056e-01 5.223199e-01
9.150000e-01 1.060000e+00 4.030817e-01 6.025078e-01 9.100000e-01 1.065000e+00 4.029776e-01 6.023592e-01
9.200000e-01 1.055000e+00 4.032857e-01 6.026453e-01 9.150000e-01 1.060000e+00 4.030817e-01 6.025078e-01
-4.000000e-02 1.065000e+00 4.227056e-01 5.223199e-01 -3.500000e-02 1.070000e+00 4.222142e-01 5.229511e-01
-3.500000e-02 1.070000e+00 4.222142e-01 5.229511e-01 -3.000000e-02 1.075000e+00 4.216216e-01 5.236094e-01
9.050000e-01 1.070000e+00 4.028822e-01 6.023007e-01 9.000000e-01 1.075000e+00 4.028863e-01 6.022357e-01
9.100000e-01 1.065000e+00 4.029776e-01 6.023592e-01 9.050000e-01 1.070000e+00 4.028822e-01 6.023007e-01
-3.000000e-02 1.075000e+00 4.216216e-01 5.236094e-01 -2.500000e-02 1.080000e+00 4.210585e-01 5.243720e-01
-2.500000e-02 1.080000e+00 4.210585e-01 5.243720e-01 -2.000000e-02 1.085000e+00 4.203971e-01 5.251667e-01
8.950000e-01 1.080000e+00 4.028943e-01 6.022625e-01 8.900000e-01 1.085000e+00 4.030010e-01 6.022877e-01
9.000000e-01 1.075000e+00 4.028863e-01 6.022357e-01 8.950000e-01 1.080000e+00 4.028943e-01 6.022625e-01
-2.000000e-02 1.085000e+00 4.203971e-01 5.251667e-01 -1.500000e-02 1.090000e+00 4.197702e-01 5.260642e-01
-1.500000e-02 1.090000e+00 4.197702e-01 5.260642e-01 -1.000000e-02 1.095000e+00 4.190484e-01 5.269987e-01
8.850000e-01 1.090000e+00 4.031068e-01 6.024058e-01 8.800000e-01 1.095000e+00 4.033099e-01 6.025271e-01
8.900000e-01 1.085000e+00 4.030010e-01 6.022877e-01 8.850000e-01 1.090000e+00 4.031068e-01 6.024058e-01
-1.000000e-02 1.095000e+00 4.190484e-01 5.269987e-01 -5.000000e-03 1.100000e+00 4.183658e-01 5.280343e-01
-5.000000e-03 1.100000e+00 4.183658e-01 5.280343e-01 1.066855e-16 1.105000e+00 4.175920e-01 5.291113e-01
8.800000e-01 1.095000e+00 4.033099e-01 6.025271e-01 8.800000e-01 1.105000e+00 4.082925e-01 6.079402e-01
1.066855e-16 1.105000e+00 4.175920e-01 5.291113e-01 5.000000e-03 1.110000e+00 4.168618e-01 5.302874e-01
5.000000e-03 1.110000e+00 4.168618e-01 5.302874e-01 1.000000e-02 1.115000e+00 4.160444e-01 5.315093e-01
8.750000e-01 1.110000e+00 4.084823e-01 6.082479e-01 8.700000e-01 1.115000e+00 4.087653e-01 6.085656e-01
8.800000e-01 1.105000e+00 4.082925e-01 6.079402e-01 8.750000e-01 1.110000e+00 4.084823e-01 6.082479e-01
1.000000e-02 1.115000e+00 4.160444e-01 5.315093e-01 1.500000e-02 1.120000e+00 4.152748e-01 5.328278e-01
1.500000e-02 1.120000e+00 4.152748e-01 5.328278e-01 2.500000e-02 1.120000e+00 4.180513e-01 5.283456e-01
2.500000e-02 1.120000e+00 4.180513e-01 5.283456e-01 3.000000e-02 1.125000e+00 4.171167e-01 5.297672e-01
8.550000e-01 1.120000e+00 4.048227e-01 6.040389e-01 8.500000e-01 1.125000e+00 4.052763e-01 6.044815e-01
8.550000e-01 1.120000e+00 4.048227e-01 6.040389e-01 8.650000e-01 1.120000e+00 4.090360e-01 6.089761e-01
8.700000e-01 1.115000e+00 4.087653e-01 6.085656e-01 8.650000e-01 1.120000e+00 4.090360e-01 6.089761e-01
3.000000e-02 1.125000e+00 4.171167e-01 5.297672e-01 3.500000e-02 1.130000e+00 4.162372e-01 5.312830e-01
3.500000e-02 1.130000e+00 4.162372e-01 5.312830e-01 4.000000e-02 1.135000e+00 4.152804e-01 5.328558e-01
8.450000e-01 1.130000e+00 4.057103e-01 6.050189e-01 8.400000e-01 1.135000e+00 4.062334e-01 6.055782e-01
8.500000e-01 1.125000e+00 4.052763e-01 6.044815e-01 8.450000e-01 1.130000e+00 4.057103e-01 6.050189e-01
4.000000e-02 1.135000e+00 4.152804e-01 5.328558e-01 4.500000e-02 1.140000e+00 4.143823e-01 5.345198e-01
4.500000e-02 1.140000e+00 4.143823e-01 5.345198e-01 5.000000e-02 1.145000e+00 4.134117e-01 5.362441e-01
8.350000e-01 1.140000e+00 4.067323e-01 6.062318e-01 8.300000e-01 1.145000e+00 4.073177e-01 6.069119e-01
8.400000e-01 1.135000e+00 4.062334e-01 6.055782e-01 8.350000e-01 1.140000e+00 4.067323e-01 6.062318e-01
5.000000e-02 1.145000e+00 4.134117e-01 5.362441e-01 5.500000e-02 1.150000e+00 4.125028e-01 5.380563e-01
5.500000e-02 1.150000e+00 4.125028e-01 5.380563e-01 6.500000e-02 1.150000e+00 4.146534e-01 5.339524e-01
6.500000e-02 1.150000e+00 4.146534e-01 5.339524e-01 7.000000e-02 1.155000e+00 4.136117e-01 5.358942e-01
8.250000e-01 1.150000e+00 4.078745e-01 6.076857e-01 8.200000e-01 1.155000e+00 4.085146e-01 6.084901e-01
8.300000e-01 1.145000e+00 4.073177e-01 6.069119e-01 8.250000e-01 1.150000e+00 4.078745e-01 6.076857e-01
7.000000e-02 1.155000e+00 4.136117e-01 5.358942e-01 7.500000e-02 1.160000e+00 4.126376e-01 5.379199e-01
7.500000e-02 1.160000e+00 4.126376e-01 5.379199e-01 8.000000e-02 1.165000e+00 4.116034e-01 5.400145e-01
8.150000e-01 1.160000e+00 4.091219e-01 6.093873e-01 8.100000e-01 1.165000e+00 4.098092e-01 6.103191e-01
8.200000e-01 1.155000e+00 4.085146e-01 6.084901e-01 8.150000e-01 1.160000e+00 4.091219e-01 6.093873e-01
8.000000e-02 1.165000e+00 4.116034e-01 5.400145e-01 8.500000e-02 1.170000e+00 4.106392e-01 5.421892e-01
8.500000e-02 1.170000e+00 4.106392e-01 5.421892e-01 9.500000e-02 1.170000e+00 4.123797e-01 5.384099e-01
9.500000e-02 1.170000e+00 4.123797e-01 5.384099e-01 1.000000e-01 1.175000e+00 4.113083e-01 5.407296e-01
7.950000e-01 1.170000e+00 4.072469e-01 6.066754e-01 7.900000e-01 1.175000e+00 4.080493e-01 6.077791e-01
7.950000e-01 1.170000e+00 4.072469e-01 6.066754e-01 8.050000e-01 1.170000e+00 4.104597e-01 6.113425e-01
8.100000e-01 1.165000e+00 4.098092e-01 6.103191e-01 8.050000e-01 1.170000e+00 4.104597e-01 6.113425e-01
1.000000e-01 1.175000e+00 4.113083e-01 5.407296e-01 1.050000e-01 1.180000e+00 4.103117e-01 5.431244e-01
1.050000e-01 1.180000e+00 4.103117e-01 5.431244e-01 1.150000e-01 1.180000e+00 4.117908e-01 5.395579e-01
1.150000e-01 1.180000e+00 4.117908e-01 5.395579e-01 1.200000e-01 1.185000e+00 4.107035e-01 5.421064e-01
7.850000e-01 1.180000e+00 4.088083e-01 6.089732e-01 7.800000e-01 1.185000e+00 4.096388e-01 6.102127e-01
7.900000e-01 1.175000e+00 4.080493e-01 6.077791e-01 7.850000e-01 1.180000e+00 4.088083e-01 6.089732e-01
1.200000e-01 1.185000e+00 4.107035e-01 5.421064e-01 1.250000e-01 1.190000e+00 4.096949e-01 5.447245e-01
1.250000e-01 1.190000e+00 4.096949e-01 5.447245e-01 1.350000e-01 1.190000e+00 4.109358e-01 5.413893e-01
1.350000e-01 1.190000e+00 4.109358e-01 5.413893e-01 1.400000e-01 1.195000e+00 4.098538e-01 5.441684e-01
7.650000e-01 1.190000e+00 4.076490e-01 6.070654e-01 7.600000e-01 1.195000e+00 4.085657e-01 6.084938e-01
7.650000e-01 1.190000e+00 4.076490e-01 6.070654e-01 7.750000e-01 1.190000e+00 4.104222e-01 6.115407e-01
7.800000e-01 1.185000e+00 4.096388e-01 6.102127e-01 7.750000e-01 1.190000e+00 4.104222e-01 6.115407e-01
1.400000e-01 1.195000e+00 4.098538e-01 5.441684e-01 1.450000e-01 1.200000e+00 4.088537e-01 5.470110e-01
1.450000e-01 1.200000e+00 4.088537e-01 5.470110e-01 1.500000e-01 1.205000e+00 4.078241e-01 5.499358e-01
7.450000e-01 1.200000e+00 4.069345e-01 6.056634e-01 7.400000e-01 1.205000e+00 4.079192e-01 6.072904e-01
7.450000e-01 1.200000e+00 4.069345e-01 6.056634e-01 7.550000e-01 1.200000e+00 4.094293e-01 6.100087e-01
7.600000e-01 1.195000e+00 4.085657e-01 6.084938e-01 7.550000e-01 1.200000e+00 4.094293e-01 6.100087e-01
1.500000e-01 1.205000e+00 4.078241e-01 5.499358e-01 1.550000e-01 1.210000e+00 4.068768e-01 5.529199e-01
1.550000e-01 1.210000e+00 4.068768e-01 5.529199e-01 1.650000e-01 1.210000e+00 4.078543e-01 5.499987e-01
1.650000e-01 1.210000e+00 4.078543e-01 5.499987e-01 1.750000e-01 1.210000e+00 4.086960e-01 5.471723e-01
1.750000e-01 1.210000e+00 4.086960e-01 5.471723e-01 1.800000e-01 1.215000e+00 4.076869e-01 5.504086e-01
7.350000e-01 1.210000e+00 4.088450e-01 6.090012e-01 7.300000e-01 1.215000e+00 4.098256e-01 6.107722e-01
7.400000e-01 1.205000e+00 4.079192e-01 6.072904e-01 7.350000e-01 1.210000e+00 4.088450e-01 6.090012e-01
1.800000e-01 1.215000e+00 4.076869e-01 5.504086e-01 1.850000e-01 1.220000e+00 4.067634e-01 5.536960e-01
1.850000e-01 1.220000e+00 4.067634e-01 5.536960e-01 1.950000e-01 1.220000e+00 4.074468e-01 5.511418e-01
1.950000e-01 1.220000e+00 4.074468e-01 5.511418e-01 2.000000e-01 1.225000e+00 4.065039e-01 5.546009e-01
7.050000e-01 1.220000e+00 4.066280e-01 6.045334e-01 7.000000e-01 1.225000e+00 4.076903e-01 6.065806e-01
7.050000e-01 1.220000e+00 4.066280e-01 6.045334e-01 7.150000e-01 1.220000e+00 4.086155e-01 6.085556e-01
7.150000e-01 1.220000e+00 4.086155e-01 6.085556e-01 7.250000e-01 1.220000e+00 4.107449e-01 6.126240e-01
7.300000e-01 1.215000e+00 4.098256e-01 6.107722e-01 7.250000e-01 1.220000e+00 4.107449e-01 6.126240e-01
2.000000e-01 1.225000e+00 4.065039e-01 5.546009e-01 2.050000e-01 1.230000e+00 4.056470e-01 5.581047e-01
2.050000e-01 1.230000e+00 4.056470e-01 5.581047e-01 2.150000e-01 1.230000e+00 4.062009e-01 5.558309e-01
2.150000e-01 1.230000e+00 4.062009e-01 5.558309e-01 2.200000e-01 1.235000e+00 4.053423e-01 5.595066e-01
6.850000e-01 1.230000e+00 4.069207e-01 6.048724e-01 6.800000e-01 1.235000e+00 4.079920e-01 6.071373e-01
6.850000e-01 1.230000e+00 4.069207e-01 6.048724e-01 6.950000e-01 1.230000e+00 4.086840e-01 6.087041e-01
7.000000e-01 1.225000e+00 4.076903e-01 6.065806e-01 6.950000e-01 1.230000e+00 4.086840e-01 6.087041e-01
2.200000e-01 1.235000e+00 4.053423e-01 5.595066e-01 2.250000e-01 1.240000e+00 4.045694e-01 5.632206e-01
2.250000e-01 1.240000e+00 4.045694e-01 5.632206e-01 2.350000e-01 1.240000e+00 4.050228e-01 5.612326e-01
2.350000e-01 1.240000e+00 4.050228e-01 5.612326e-01 2.450000e-01 1.240000e+00 4.053766e-01 5.593636e-01
2.450000e-01 1.240000e+00 4.053766e-01 5.593636e-01 2.500000e-01 1.245000e+00 4.046330e-01 5.633339e-01
6.650000e-01 1.240000e+00 4.074294e-01 6.058499e-01 6.600000e-01 1.245000e+00 4.084897e-01 6.083348e-01
6.650000e-01 1.240000e+00 4.074294e-01 6.058499e-01 6.750000e-01 1.240000e+00 4.089908e-01 6.094739e-01
6.800000e-01 1.235000e+00 4.079920e-01 6.071373e-01 6.750000e-01 1.240000e+00 4.089908e-01 6.094739e-01
2.500000e-01 1.245000e+00 4.046330e-01 5.633339e-01 2.550000e-01 1.250000e+00 4.039743e-01 5.673337e-01
2.550000e-01 1.250000e+00 4.039743e-01 5.673337e-01 2.650000e-01 1.250000e+00 4.042686e-01 5.657575e-01
2.650000e-01 1.250000e+00 4.042686e-01 5.657575e-01 2.750000e-01 1.250000e+00 4.044804e-01 5.643076e-01
2.750000e-01 1.250000e+00 4.044804e-01 5.643076e-01 2.850000e-01 1.250000e+00 4.046144e-01 5.629872e-01
2.850000e-01 1.250000e+00 4.046144e-01 5.629872e-01 2.900000e-01 1.255000e+00 4.040513e-01 5.673219e-01
6.250000e-01 1.250000e+00 4.056811e-01 6.009191e-01 6.200000e-01 1.255000e+00 4.067429e-01 6.037859e-01
6.250000e-01 1.250000e+00 4.056811e-01 6.009191e-01 6.350000e-01 1.250000e+00 4.068276e-01 6.041612e-01
6.350000e-01 1.250000e+00 4.068276e-01 6.041612e-01 6.450000e-01 1.250000e+00 4.080912e-01 6.074852e-01
6.450000e-01 1.250000e+00 4.080912e-01 6.074852e-01 6.550000e-01 1.250000e+00 4.094745e-01 6.108867e-01
6.600000e-01 1.245000e+00 4.084897e-01 6.083348e-01 6.550000e-01 1.250000e+00 4.094745e-01 6.108867e-01
2.900000e-01 1.255000e+00 4.040513e-01 5.673219e-01 2.950000e-01 1.260000e+00 4.035702e-01 5.716757e-01
2.950000e-01 1.260000e+00 4.035702e-01 5.716757e-01 3.050000e-01 1.260000e+00 4.036988e-01 5.706512e-01
3.050000e-01 1.260000e+00 4.036988e-01 5.706512e-01 3.150000e-01 1.260000e+00 4.037680e-01 5.697605e-01
3.150000e-01 1.260000e+00 4.037680e-01 5.697605e-01 3.250000e-01 1.260000e+00 4.037832e-01 5.690055e-01
3.250000e-01 1.260000e+00 4.037832e-01 5.690055e-01 3.300000e-01 1.265000e+00 4.034582e-01 5.736777e-01
5.850000e-01 1.260000e+00 4.049977e-01 5.980194e-01 5.800000e-01 1.265000e+00 4.059932e-01 6.012768e-01
5.850000e-01 1.260000e+00 4.049977e-01 5.980194e-01 5.950000e-01 1.260000e+00 4.058039e-01 6.008206e-01
5.950000e-01 1.260000e+00 4.058039e-01 6.008206e-01 6.050000e-01 1.260000e+00 4.067113e-01 6.037191e-01
6.050000e-01 1.260000e+00 4.067113e-01 6.037191e-01 6.150000e-01 1.260000e+00 4.077233e-01 6.067108e-01
6.200000e-01 1.255000e+00 4.067429e-01 6.037859e-01 6.150000e-01 1.260000e+00 4.077233e-01 6.067108e-01
3.300000e-01 1.265000e+00 4.034582e-01 5.736777e-01 3.350000e-01 1.270000e+00 4.032099e-01 5.783590e-01
3.350000e-01 1.270000e+00 4.032099e-01 5.783590e-01 3.450000e-01 1.270000e+00 4.032725e-01 5.778941e-01
3.450000e-01 1.270000e+00 4.032725e-01 5.778941e-01 3.550000e-01 1.270000e+00 4.032998e-01 5.775662e-01
3.550000e-01 1.270000e+00 4.032998e-01 5.775662e-01 3.650000e-01 1.270000e+00 4.032976e-01 5.773761e-01
3.650000e-01 1.270000e+00 4.032976e-01 5.773761e-01 3.750000e-01 1.270000e+00 4.032718e-01 5.773249e-01
3.750000e-01 1.270000e+00 4.032718e-01 5.773249e-01 3.850000e-01 1.270000e+00 4.032284e-01 5.774130e-01
3.850000e-01 1.270000e+00 4.032284e-01 5.774130e-01 3.950000e-01 1.270000e+00 4.031733e-01 5.776410e-01
3.950000e-01 1.270000e+00 4.031733e-01 5.776410e-01 4.000000e-01 1.275000e+00 4.033268e-01 5.828179e-01
5.250000e-01 1.270000e+00 4.041214e-01 5.930304e-01 5.200000e-01 1.275000e+00 4.049370e-01 5.968482e-01
5.250000e-01 1.270000e+00 4.041214e-01 5.930304e-01 5.350000e-01 1.270000e+00 4.045228e-01 5.951144e-01
5.350000e-01 1.270000e+00 4.045228e-01 5.951144e-01 5.450000e-01 1.270000e+00 4.049972e-01 5.973149e-01
5.450000e-01 1.270000e+00 4.049972e-01 5.973149e-01 5.550000e-01 1.270000e+00 4.055494e-01 5.996286e-01
5.550000e-01 1.270000e+00 4.055494e-01 5.996286e-01 5.650000e-01 1.270000e+00 4.061837e-01 6.020525e-01
5.650000e-01 1.270000e+00 4.061837e-01 6.020525e-01 5.750000e-01 1.270000e+00 4.069043e-01 6.045827e-01
5.800000e-01 1.265000e+00 4.059932e-01 6.012768e-01 5.750000e-01 1.270000e+00 4.069043e-01 6.045827e-01
4.000000e-01 1.275000e+00 4.033268e-01 5.828179e-01 4.050000e-01 1.280000e+00 4.035443e-01 5.879901e-01
4.050000e-01 1.280000e+00 4.035443e-01 5.879901e-01 4.150000e-01 1.280000e+00 4.036217e-01 5.884838e-01
4.150000e-01 1.280000e+00 4.036217e-01 5.884838e-01 4.250000e-01 1.280000e+00 4.037051e-01 5.891131e-01
4.250000e-01 1.280000e+00 4.037051e-01 5.891131e-01 4.350000e-01 1.280000e+00 4.038004e-01 5.898773e-01
4.350000e-01 1.280000e+00 4.038004e-01 5.898773e-01 4.450000e-01 1.280000e+00 4.039133e-01 5.907756e-01
4.450000e-01 1.280000e+00 4.039133e-01 5.907756e-01 4.550000e-01 1.280000e+00 4.040495e-01 5.918069e-01
4.550000e-01 1.280000e+00 4.040495e-01 5.918069e-01 4.650000e-01 1.280000e+00 4.042147e-01 5.929699e-01
4.650000e-01 1.280000e+00 4.042147e-01 5.929699e-01 4.750000e-01 1.280000e+00 4.044146e-01 5.942630e-01
4.750000e-01 1.280000e+00 4.044146e-01 5.942630e-01 4.850000e-01 1.280000e+00 4.046544e-01 5.956846e-01
4.850000e-01 1.280000e+00 4.046544e-01 5.956846e-01 4.950000e-01 1.280000e+00 4.049397e-01 5.972326e-01
4.950000e-01 1.280000e+00 4.049397e-01 5.972326e-01 5.050000e-01 1.280000e+00 4.052757e-01 5.989050e-01
5.050000e-01 1.280000e+00 4.052757e-01 5.989050e-01 5.150000e-01 1.280000e+00 4.056675e-01 6.006993e-01
5.200000e-01 1.275000e+00 4.049370e-01 5.968482e-01 5.150000e-01 1.280000e+00 4.056675e-01 6.006993e-01
3.736810e-01 5.500028e-01 -3.296726e-01 5.784313e-01 3.736810e-01 5.500028e-01 -3.280298e-01 5.314556e-01
3.736810e-01 5.500028e-01 -3.280298e-01 5.314556e-01 3.736810e-01 5.500028e-01 -3.230705e-01 4.842950e-01
3.736810e-01 5.500028e-01 -3.230705e-01 4.842950e-01 3.736810e-01 5.500028e-01 -3.147560e-01 4.371565e-01
3.736810e-01 5.500028e-01 -3.147560e-01 4.371565e-01 3.736810e-01 5.500028e-01 -3.030602e-01 3.902586e-01
3.736810e-01 5.500028e-01 -3.030602e-01 3.902586e-01 3.736810e-01 5.500028e-01 -2.879723e-01 3.438321e-01
3.736810e-01 5.500028e-01 -2.879723e-01 3.438321e-01 3.736810e-01 5.500028e-01 -2.695000e-01 2.981190e-01
3.736810e-01 5.500028e-01 -2.695000e-01 2.981190e-01 3.736810e-01 5.500028e-01 -2.476722e-01 2.533718e-01
3.736810e-01 5.500028e-01 -2.476722e-01 2.533718e-01 3.736810e-01 5.500028e-01 -2.225427e-01 2.098515e-01
3.736810e-01 5.500028e-01 -2.225427e-01 2.098515e-01 3.736810e-01 5.500028e-01 -1.941923e-01 1.678248e-01
3.736810e-01 5.500028e-01 -1.941923e-01 1.678248e-01 3.736810e-01 5.500028e-01 -1.627321e-01 1.275611e-01
3.736810e-01 5.500028e-01 -1.627321e-01 1.275611e-01 3.736810e-01 5.500028e-01 -1.283042e-01 8.932781e-02
3.736810e-01 5.500028e-01 -1.283042e-01 8.932781e-02 3.736810e-01 5.500028e-01 -9.108284e-02 5.338570e-02
3.736810e-01 5.500028e-01 -9.108284e-02 5.338570e-02 3.736810e-01 5.500028e-01 -5.127394e-02 1.998348e-02
3.736810e-01 5.500028e-01 -5.127394e-02 1.998348e-02 3.736810e-01 5.500028e-01 -9.112929e-03 -1.064751e-02
3.736810e-01 5.500028e-01 -9.112929e-03 -1.064751e-02 3.736810e-01 5.500028e-01 3.513823e-02 -3.829853e-02
3.736810e-01 5.500028e-01 3.513823e-02 -3.829853e-02 3.736810e-01 5.500028e-01 8.119545e-02 -6.278798e-02
3.736810e-01 5.500028e-01 8.119545e-02 -6.278798e-02 3.736810e-01 5.500028e-01 1.287578e-01 -8.396498e-02
3.736810e-01 5.500028e-01 1.287578e-01 -8.396498e-02 3.736810e-01 5.500028e-01 1.775134e-01 -1.017119e-01
3.736810e-01 5.500028e-01 1.775134e-01 -1.017119e-01 3.736810e-01 5.500028e-01 2.271456e-01 -1.159455e-01
3.736810e-01 5.500028e-01 2.271456e-01 -1.159455e-01 3.736810e-01 5.500028e-01 2.773388e-01 -1.266164e-01
3.736810e-01 5.500028e-01 2.773388e-01 -1.266164e-01 3.736810e-01 5.500028e-01 3.277840e-01 -1.337084e-01
3.736810e-01 5.500028e-01 3.277840e-01 -1.337084e-01 3.736810e-01 5.500028e-01 3.781832e-01 -1.372352e-01
3.736810e-01 5.500028e-01 3.781832e-01 -1.372352e-01 3.736810e-01 5.500028e-01 4.282531e-01 -1.372379e-01
3.736810e-01 5.500028e-01 4.282531e-01 -1.372379e-01 3.736810e-01 5.500028e-01 4.777274e-01 -1.337811e-01
3.736810e-01 5.500028e-01 4.777274e-01 -1.337811e-01 3.736810e-01 5.500028e-01 5.263587e-01 -1.269493e-01
3.736810e-01 5.500028e-01 5.263587e-01 -1.269493e-01 3.736810e-01 5.500028e-01 5.739190e-01 -1.168429e-01
3.736810e-01 5.500028e-01 5.739190e-01 -1.168429e-01 3.736810e-01 5.500028e-01 6.201992e-01 -1.035751e-01
3.736810e-01 5.500028e-01 6.201992e-01 -1.035751e-01 3.736810e-01 5.500028e-01 6.650090e-01 -8.726851e-02
3.736810e-01 5.500028e-01 6.650090e-01 -8.726851e-02 3.736810e-01 5.500028e-01 7.081749e-01 -6.805247e-02
3.736810e-01 5.500028e-01 7.081749e-01 -6.805247e-02 3.736810e-01 5.500028e-01 7.495395e-01 -4.606103e-02
3.736810e-01 5.500028e-01 7.495395e-01 -4.606103e-02 3.736810e-01 5.500028e-01 7.889594e-01 -2.143113e-02
3.736810e-01 5.500028e-01 7.889594e-01 -2.143113e-02 3.736810e-01 5.500028e-01 8.263035e-01 5.698743e-03
3.736810e-01 5.500028e-01 8.263035e-01 5.698743e-03 3.736810e-01 5.500028e-01 8.614513e-01 3.518935e-02
3.736810e-01 5.500028e-01 8.614513e-01 3.518935e-02 3.736810e-01 5.500028e-01 8.942916e-01 6.690122e-02
3.736810e-01 5.500028e-01 8.942916e-01 6.690122e-02 3.736810e-01 5.500028e-01 9.247207e-01 1.006949e-01
3.736810e-01 5.500028e-01 9.247207e-01 1.006949e-01 3.736810e-01 5.500028e-01 9.526413e-01 1.364306e-01
3.736810e-01 5.500028e-01 9.526413e-01 1.364306e-01 3.736810e-01 5.500028e-01 9.779611e-01 1.739683e-01
3.736810e-01 5.500028e-01 9.779611e-01 1.739683e-01 3.736810e-01 5.500028e-01 1.000592e+00 2.131667e-01
3.736810e-01 5.500028e-01 1.000592e+00 2.131667e-01 3.736810e-01 5.500028e-01 1.020450e+00 2.538829e-01
3.736810e-01 5.500028e-01 1.020450e+00 2.538829e-01 3.736810e-01 5.500028e-01 1.037454e+00 2.959711e-01
3.736810e-01 5.500028e-01 1.037454e+00 2.959711e-01 3.736810e-01 5.500028e-01 1.051526e+00 3.392821e-01
3.736810e-01 5.500028e-01 1.051526e+00 3.392821e-01 3.736810e-01 5.500028e-01 1.062590e+00 3.836617e-01
3.736810e-01 5.500028e-01 1.062590e+00 3.836617e-01 3.736810e-01 5.500028e-01 1.070574e+00 4.289499e-01
3.736810e-01 5.500028e-01 1.070574e+00 4.289499e-01 3.736810e-01 5.500028e-01 1.075410e+00 4.749793e-01
3.736810e-01 5.500028e-01 1.075410e+00 4.749793e-01 3.736810e-01 5.500028e-01 1.077035e+00 5.215743e-01
3.736810e-01 5.500028e-01 1.077035e+00 5.215743e-01 3.736810e-01 5.500028e-01 1.075392e+00 5.685500e-01
3.736810e-01 5.500028e-01 1.075392e+00 5.685500e-01 3.736810e-01 5.500028e-01 1.070433e+00 6.157106e-01
3.736810e-01 5.500028e-01 1.070433e+00 6.157106e-01 3.736810e-01 5.500028e-01 1.062118e+00 6.628491e-01
3.736810e-01 5.500028e-01 1.062118e+00 6.628491e-01 3.736810e-01 5.500028e-01 1.050422e+00 7.097470e-01
3.736810e-01 5.500028e-01 1.050422e+00 7.097470e-01 3.736810e-01 5.500028e-01 1.035334e+00 7.561735e-01
3.736810e-01 5.500028e-01 1.035334e+00 7.561735e-01 3.736810e-01 5.500028e-01 1.016862e+00 8.018866e-01
3.736810e-01 5.500028e-01 1.016862e+00 8.018866e-01 3.736810e-01 5.500028e-01 9.950343e-01 8.466338e-01
3.736810e-01 5.500028e-01 9.950343e-01 8.466338e-01 3.736810e-01 5.500028e-01 9.699047e-01 8.901541e-01
3.736810e-01 5.500028e-01 9.699047e-01 8.901541e-01 3.736810e-01 5.500028e-01 9.415544e-01 9.321808e-01
3.736810e-01 5.500028e-01 9.415544e-01 9.321808e-01 3.736810e-01 5.500028e-01 9.100942e-01 9.724445e-01
3.736810e-01 5.500028e-01 9.100942e-01 9.724445e-01 3.736810e-01 5.500028e-01 8.756662e-01 1.010678e+00
3.736810e-01 5.500028e-01 8.756662e-01 1.010678e+00 3.736810e-01 5.500028e-01 8.384449e-01 1.046620e+00
3.736810e-01 5.500028e-01 8.384449e-01 1.046620e+00 3.736810e-01 5.500028e-01 7.986360e-01 1.080022e+00
3.736810e-01 5.500028e-01 7.986360e-01 1.080022e+00 3.736810e-01 5.500028e-01 7.564750e-01 1.110653e+00
3.736810e-01 5.500028e-01 7.564750e-01 1.110653e+00 3.736810e-01 5.500028e-01 7.122238e-01 1.138304e+00
3.736810e-01 5.500028e-01 7.122238e-01 1.138304e+00 3.736810e-01 5.500028e-01 6.661666e-01 1.162794e+00
3.736810e-01 5.500028e-01 6.661666e-01 1.162794e+00 3.736810e-01 5.500028e-01 6.186043e-01 1.183971e+00
3.736810e-01 5.500028e-01 6.186043e-01 1.183971e+00 3.736810e-01 5.500028e-01 5.698487e-01 1.201718e+00
3.736810e-01 5.500028e-01 5.698487e-01 1.201718e+00 3.736810e-01 5.500028e-01 5.202165e-01 1.215951e+00
3.736810e-01 5.500028e-01 5.202165e-01 1.215951e+00 3.736810e-01 5.500028e-01 4.700232e-01 1.226622e+00
3.736810e-01 5.500028e-01 4.700232e-01 1.226622e+00 3.736810e-01 5.500028e-01 4.195780e-01 1.233714e+00
3.736810e-01 5.500028e-01 4.195780e-01 1.233714e+00 3.736810e-01 5.500028e-01 3.691788e-01 1.237241e+00
3.736810e-01 5.500028e-01 3.691788e-01 1.237241e+00 3.736810e-01 5.500028e-01 3.191090e-01 1.237243e+00
3.736810e-01 5.500028e-01 3.191090e-01 1.237243e+00 3.736810e-01 5.500028e-01 2.696347e-01 1.233787e+00
3.736810e-01 5.500028e-01 2.696347e-01 1.233787e+00 3.736810e-01 5.500028e-01 2.210033e-01 1.226955e+00
3.736810e-01 5.500028e-01 2.210033e-01 1.226955e+00 3.736810e-01 5.500028e-01 1.734431e-01 1.216849e+00
3.736810e-01 5.500028e-01 1.734431e-01 1.216849e+00 3.736810e-01 5.500028e-01 1.271628e-01 1.203581e+00
3.736810e-01 5.500028e-01 1.271628e-01 1.203581e+00 3.736810e-01 5.500028e-01 8.235311e-02 1.187274e+00
3.736810e-01 5.500028e-01 8.235311e-02 1.187274e+00 3.736810e-01 5.500028e-01 3.918716e-02 1.168058e+00
3.736810e-01 5.500028e-01 3.918716e-02 1.168058e+00 3.736810e-01 5.500028e-01 -2.177476e-03 1.146067e+00
3.736810e-01 5.500028e-01 -2.177476e-03 1.146067e+00 3.736810e-01 5.500028e-01 -4.159735e-02 1.121437e+00
3.736810e-01 5.500028e-01 -4.159735e-02 1.121437e+00 3.736810e-01 5.500028e-01 -7.894140e-02 1.094307e+00
3.736810e-01 5.500028e-01 -7.894140e-02 1.094307e+00 3.736810e-01 5.500028e-01 -1.140892e-01 1.064816e+00
3.736810e-01 5.500028e-01 -1.140892e-01 1.064816e+00 3.736810e-01 5.500028e-01 -1.469295e-01 1.033104e+00
3.736810e-01 5.500028e-01 -1.469295e-01 1.033104e+00 3.736810e-01 5.500028e-01 -1.773586e-01 9.993107e-01
3.736810e-01 5.500028e-01 -1.773586e-01 9.993107e-01 3.736810e-01 5.500028e-01 -2.052792e-01 9.635750e-01
3.736810e-01 5.500028e-01 -2.052792e-01 9.635750e-01 3.736810e-01 5.500028e-01 -2.305990e-01 9.260373e-01
3.736810e-01 5.500028e-01 -2.305990e-01 9.260373e-01 3.736810e-01 5.500028e-01 -2.532301e-01 8.868389e-01
3.736810e-01 5.500028e-01 -2.532301e-01 8.868389e-01 3.736810e-01 5.500028e-01 -2.730883e-01 8.461227e-01
3.736810e-01 5.500028e-01 -2.730883e-01 8.461227e-01 3.736810e-01 5.500028e-01 -2.900923e-01 8.040345e-01
3.736810e-01 5.500028e-01 -2.900923e-01 8.040345e-01 3.736810e-01 5.500028e-01 -3.041639e-01 7.607235e-01
3.736810e-01 5.500028e-01 -3.041639e-01 7.607235e-01 3.736810e-01 5.500028e-01 -3.152276e-01 7.163439e-01
3.736810e-01 5.500028e-01 -3.152276e-01 7.163439e-01 3.736810e-01 5.500028e-01 -3.232115e-01 6.710557e-01
3.736810e-01 5.500028e-01 -3.232115e-01 6.710557e-01 3.736810e-01 5.500028e-01 -3.280475e-01 6.250263e-01
3.736810e-01 5.500028e-01 -3.280475e-01 6.250263e-01 3.736810e-01 5.500028e-01 -3.296726e-01 5.784313e-01
