1.850000e-01 -2.000000e-01 3.276554e-01 4.268539e-01 1.800000e-01 -1.950000e-01 3.284025e-01 4.297456e-01
1.850000e-01 -2.000000e-01 3.276554e-01 4.268539e-01 1.950000e-01 -2.000000e-01 3.282083e-01 4.288788e-01
1.950000e-01 -2.000000e-01 3.282083e-01 4.288788e-01 2.050000e-01 -2.000000e-01 3.286934e-01 4.308064e-01
2.050000e-01 -2.000000e-01 3.286934e-01 4.308064e-01 2.150000e-01 -2.000000e-01 3.291149e-01 4.326341e-01
2.150000e-01 -2.000000e-01 3.291149e-01 4.326341e-01 2.250000e-01 -2.000000e-01 3.294773e-01 4.343591e-01
2.250000e-01 -2.000000e-01 3.294773e-01 4.343591e-01 2.350000e-01 -2.000000e-01 3.297851e-01 4.359791e-01
2.350000e-01 -2.000000e-01 3.297851e-01 4.359791e-01 2.450000e-01 -2.000000e-01 3.300431e-01 4.374917e-01
2.450000e-01 -2.000000e-01 3.300431e-01 4.374917e-01 2.550000e-01 -2.000000e-01 3.302560e-01 4.388949e-01
2.550000e-01 -2.000000e-01 3.302560e-01 4.388949e-01 2.650000e-01 -2.000000e-01 3.304290e-01 4.401866e-01
2.650000e-01 -2.000000e-01 3.304290e-01 4.401866e-01 2.750000e-01 -2.000000e-01 3.305671e-01 4.413652e-01
2.750000e-01 -2.000000e-01 3.305671e-01 4.413652e-01 2.850000e-01 -2.000000e-01 3.306756e-01 4.424291e-01
2.850000e-01 -2.000000e-01 3.306756e-01 4.424291e-01 2.950000e-01 -2.000000e-01 3.307597e-01 4.433768e-01
2.950000e-01 -2.000000e-01 3.307597e-01 4.433768e-01 3.050000e-01 -2.000000e-01 3.308249e-01 4.442075e-01
3.050000e-01 -2.000000e-01 3.308249e-01 4.442075e-01 3.150000e-01 -2.000000e-01 3.308766e-01 4.449199e-01
3.150000e-01 -2.000000e-01 3.308766e-01 4.449199e-01 3.250000e-01 -2.000000e-01 3.309203e-01 4.455135e-01
3.250000e-01 -2.000000e-01 3.309203e-01 4.455135e-01 3.350000e-01 -2.000000e-01 3.309614e-01 4.459877e-01
3.350000e-01 -2.000000e-01 3.309614e-01 4.459877e-01 3.450000e-01 -2.000000e-01 3.310056e-01 4.463425e-01
3.450000e-01 -2.000000e-01 3.310056e-01 4.463425e-01 3.550000e-01 -2.000000e-01 3.310582e-01 4.465775e-01
3.550000e-01 -2.000000e-01 3.310582e-01 4.465775e-01 3.600000e-01 -1.950000e-01 3.311494e-01 4.508412e-01
1.350000e-01 -1.900000e-01 3.262748e-01 4.230131e-01 1.300000e-01 -1.850000e-01 3.270960e-01 4.255051e-01
1.350000e-01 -1.900000e-01 3.262748e-01 4.230131e-01 1.450000e-01 -1.900000e-01 3.271422e-01 4.255360e-01
1.450000e-01 -1.900000e-01 3.271422e-01 4.255360e-01 1.550000e-01 -1.900000e-01 3.279203e-01 4.279757e-01
1.550000e-01 -1.900000e-01 3.279203e-01 4.279757e-01 1.650000e-01 -1.900000e-01 3.286124e-01 4.303289e-01
1.650000e-01 -1.900000e-01 3.286124e-01 4.303289e-01 1.750000e-01 -1.900000e-01 3.292220e-01 4.325922e-01
1.800000e-01 -1.950000e-01 3.284025e-01 4.297456e-01 1.750000e-01 -1.900000e-01 3.292220e-01 4.325922e-01
3.600000e-01 -1.950000e-01 3.311494e-01 4.508412e-01 3.650000e-01 -1.900000e-01 3.311811e-01 4.550962e-01
3.650000e-01 -1.900000e-01 3.311811e-01 4.550962e-01 3.750000e-01 -1.900000e-01 3.311468e-01 4.550915e-01
3.750000e-01 -1.900000e-01 3.311468e-01 4.550915e-01 3.850000e-01 -1.900000e-01 3.311381e-01 4.549654e-01
3.850000e-01 -1.900000e-01 3.311381e-01 4.549654e-01 3.950000e-01 -1.900000e-01 3.311603e-01 4.547186e-01
3.950000e-01 -1.900000e-01 3.311603e-01 4.547186e-01 4.050000e-01 -1.900000e-01 3.312190e-01 4.543523e-01
4.050000e-01 -1.900000e-01 3.312190e-01 4.543523e-01 4.100000e-01 -1.850000e-01 3.310270e-01 4.582910e-01
1.050000e-01 -1.800000e-01 3.259242e-01 4.223912e-01 1.000000e-01 -1.750000e-01 3.267722e-01 4.246264e-01
1.050000e-01 -1.800000e-01 3.259242e-01 4.223912e-01 1.150000e-01 -1.800000e-01 3.270059e-01 4.252034e-01
1.150000e-01 -1.800000e-01 3.270059e-01 4.252034e-01 1.250000e-01 -1.800000e-01 3.279860e-01 4.279423e-01
1.300000e-01 -1.850000e-01 3.270960e-01 4.255051e-01 1.250000e-01 -1.800000e-01 3.279860e-01 4.279423e-01
4.100000e-01 -1.850000e-01 3.310270e-01 4.582910e-01 4.150000e-01 -1.800000e-01 3.307684e-01 4.622119e-01
4.150000e-01 -1.800000e-01 3.307684e-01 4.622119e-01 4.250000e-01 -1.800000e-01 3.307983e-01 4.615933e-01
4.250000e-01 -1.800000e-01 3.307983e-01 4.615933e-01 4.350000e-01 -1.800000e-01 3.308820e-01 4.608569e-01
4.350000e-01 -1.800000e-01 3.308820e-01 4.608569e-01 4.400000e-01 -1.750000e-01 3.305272e-01 4.645724e-01
7.500000e-02 -1.700000e-01 3.251191e-01 4.207164e-01 7.000000e-02 -1.650000e-01 3.259586e-01 4.227010e-01
7.500000e-02 -1.700000e-01 3.251191e-01 4.207164e-01 8.500000e-02 -1.700000e-01 3.264583e-01 4.237899e-01
8.500000e-02 -1.700000e-01 3.264583e-01 4.237899e-01 9.500000e-02 -1.700000e-01 3.276856e-01 4.268010e-01
1.000000e-01 -1.750000e-01 3.267722e-01 4.246264e-01 9.500000e-02 -1.700000e-01 3.276856e-01 4.268010e-01
4.400000e-01 -1.750000e-01 3.305272e-01 4.645724e-01 4.450000e-01 -1.700000e-01 3.301023e-01 4.682636e-01
4.450000e-01 -1.700000e-01 3.301023e-01 4.682636e-01 4.550000e-01 -1.700000e-01 3.301947e-01 4.672706e-01
4.550000e-01 -1.700000e-01 3.301947e-01 4.672706e-01 4.650000e-01 -1.700000e-01 3.303579e-01 4.661637e-01
4.650000e-01 -1.700000e-01 3.303579e-01 4.661637e-01 4.700000e-01 -1.650000e-01 3.298683e-01 4.696407e-01
5.500000e-02 -1.600000e-01 3.253441e-01 4.213683e-01 5.000000e-02 -1.550000e-01 3.261776e-01 4.231689e-01
5.500000e-02 -1.600000e-01 3.253441e-01 4.213683e-01 6.500000e-02 -1.600000e-01 3.268589e-01 4.246200e-01
7.000000e-02 -1.650000e-01 3.259586e-01 4.227010e-01 6.500000e-02 -1.600000e-01 3.268589e-01 4.246200e-01
4.700000e-01 -1.650000e-01 3.298683e-01 4.696407e-01 4.750000e-01 -1.600000e-01 3.293064e-01 4.730863e-01
4.750000e-01 -1.600000e-01 3.293064e-01 4.730863e-01 4.850000e-01 -1.600000e-01 3.295169e-01 4.717235e-01
4.850000e-01 -1.600000e-01 3.295169e-01 4.717235e-01 4.950000e-01 -1.600000e-01 3.298147e-01 4.702530e-01
4.950000e-01 -1.600000e-01 3.298147e-01 4.702530e-01 5.000000e-01 -1.550000e-01 3.292220e-01 4.734800e-01
3.500000e-02 -1.500000e-01 3.253573e-01 4.214856e-01 3.000000e-02 -1.450000e-01 3.261672e-01 4.231065e-01
3.500000e-02 -1.500000e-01 3.253573e-01 4.214856e-01 4.500000e-02 -1.500000e-01 3.270684e-01 4.249003e-01
5.000000e-02 -1.550000e-01 3.261776e-01 4.231689e-01 4.500000e-02 -1.500000e-01 3.270684e-01 4.249003e-01
5.000000e-01 -1.550000e-01 3.292220e-01 4.734800e-01 5.050000e-01 -1.500000e-01 3.285560e-01 4.766683e-01
5.050000e-01 -1.500000e-01 3.285560e-01 4.766683e-01 5.150000e-01 -1.500000e-01 3.289399e-01 4.749477e-01
5.150000e-01 -1.500000e-01 3.289399e-01 4.749477e-01 5.200000e-01 -1.450000e-01 3.282731e-01 4.779894e-01
1.500000e-02 -1.400000e-01 3.251039e-01 4.210942e-01 1.000000e-02 -1.350000e-01 3.258728e-01 4.225410e-01
1.500000e-02 -1.400000e-01 3.251039e-01 4.210942e-01 2.500000e-02 -1.400000e-01 3.270303e-01 4.246550e-01
3.000000e-02 -1.450000e-01 3.261672e-01 4.231065e-01 2.500000e-02 -1.400000e-01 3.270303e-01 4.246550e-01
5.200000e-01 -1.450000e-01 3.282731e-01 4.779894e-01 5.250000e-01 -1.400000e-01 3.275329e-01 4.809872e-01
5.250000e-01 -1.400000e-01 3.275329e-01 4.809872e-01 5.350000e-01 -1.400000e-01 3.280301e-01 4.790212e-01
5.350000e-01 -1.400000e-01 3.280301e-01 4.790212e-01 5.400000e-01 -1.350000e-01 3.273056e-01 4.818725e-01
-5.000000e-03 -1.300000e-01 3.245318e-01 4.202242e-01 -1.000000e-02 -1.250000e-01 3.252429e-01 4.215045e-01
-5.000000e-03 -1.300000e-01 3.245318e-01 4.202242e-01 5.000000e-03 -1.300000e-01 3.266902e-01 4.239131e-01
1.000000e-02 -1.350000e-01 3.258728e-01 4.225410e-01 5.000000e-03 -1.300000e-01 3.266902e-01 4.239131e-01
5.400000e-01 -1.350000e-01 3.273056e-01 4.818725e-01 5.450000e-01 -1.300000e-01 3.265082e-01 4.846746e-01
5.450000e-01 -1.300000e-01 3.265082e-01 4.846746e-01 5.550000e-01 -1.300000e-01 3.271457e-01 4.824708e-01
5.550000e-01 -1.300000e-01 3.271457e-01 4.824708e-01 5.600000e-01 -1.250000e-01 3.263808e-01 4.851283e-01
-1.500000e-02 -1.200000e-01 3.259971e-01 4.227081e-01 -2.000000e-02 -1.150000e-01 3.266933e-01 4.238699e-01
-1.000000e-02 -1.250000e-01 3.252429e-01 4.215045e-01 -1.500000e-02 -1.200000e-01 3.259971e-01 4.227081e-01
5.600000e-01 -1.250000e-01 3.263808e-01 4.851283e-01 5.650000e-01 -1.200000e-01 3.255444e-01 4.877311e-01
5.650000e-01 -1.200000e-01 3.255444e-01 4.877311e-01 5.750000e-01 -1.200000e-01 3.263485e-01 4.852996e-01
5.750000e-01 -1.200000e-01 3.263485e-01 4.852996e-01 5.800000e-01 -1.150000e-01 3.255613e-01 4.877614e-01
-3.500000e-02 -1.100000e-01 3.249035e-01 4.210775e-01 -4.000000e-02 -1.050000e-01 3.255150e-01 4.220860e-01
-3.500000e-02 -1.100000e-01 3.249035e-01 4.210775e-01 -2.500000e-02 -1.100000e-01 3.274298e-01 4.249532e-01
-2.000000e-02 -1.150000e-01 3.266933e-01 4.238699e-01 -2.500000e-02 -1.100000e-01 3.274298e-01 4.249532e-01
5.800000e-01 -1.150000e-01 3.255613e-01 4.877614e-01 5.850000e-01 -1.100000e-01 3.247048e-01 4.901632e-01
5.850000e-01 -1.100000e-01 3.247048e-01 4.901632e-01 5.900000e-01 -1.050000e-01 3.238797e-01 4.924961e-01
-4.500000e-02 -1.000000e-01 3.261610e-01 4.230151e-01 -5.000000e-02 -9.500000e-02 3.267403e-01 4.239115e-01
-4.000000e-02 -1.050000e-01 3.255150e-01 4.220860e-01 -4.500000e-02 -1.000000e-01 3.261610e-01 4.230151e-01
5.900000e-01 -1.050000e-01 3.238797e-01 4.924961e-01 5.950000e-01 -1.000000e-01 3.229860e-01 4.947654e-01
5.950000e-01 -1.000000e-01 3.229860e-01 4.947654e-01 6.050000e-01 -1.000000e-01 3.240529e-01 4.919839e-01
6.050000e-01 -1.000000e-01 3.240529e-01 4.919839e-01 6.100000e-01 -9.500000e-02 3.232353e-01 4.941194e-01
-5.500000e-02 -9.000000e-02 3.273506e-01 4.247275e-01 -6.000000e-02 -8.500000e-02 3.278910e-01 4.255143e-01
-5.000000e-02 -9.500000e-02 3.267403e-01 4.239115e-01 -5.500000e-02 -9.000000e-02 3.273506e-01 4.247275e-01
6.100000e-01 -9.500000e-02 3.232353e-01 4.941194e-01 6.150000e-01 -9.000000e-02 3.223526e-01 4.961866e-01
6.150000e-01 -9.000000e-02 3.223526e-01 4.961866e-01 6.200000e-01 -8.500000e-02 3.215147e-01 4.981896e-01
-6.500000e-02 -8.000000e-02 3.284588e-01 4.262196e-01 -7.000000e-02 -7.500000e-02 3.289534e-01 4.268995e-01
-6.000000e-02 -8.500000e-02 3.278910e-01 4.255143e-01 -6.500000e-02 -8.000000e-02 3.284588e-01 4.262196e-01
6.200000e-01 -8.500000e-02 3.215147e-01 4.981896e-01 6.250000e-01 -8.000000e-02 3.206133e-01 5.001207e-01
6.250000e-01 -8.000000e-02 3.206133e-01 5.001207e-01 6.350000e-01 -8.000000e-02 3.220083e-01 4.970221e-01
6.350000e-01 -8.000000e-02 3.220083e-01 4.970221e-01 6.400000e-01 -7.500000e-02 3.212090e-01 4.988310e-01
-7.500000e-02 -7.000000e-02 3.294717e-01 4.274975e-01 -8.000000e-02 -6.500000e-02 3.299139e-01 4.280738e-01
-7.000000e-02 -7.500000e-02 3.289534e-01 4.268995e-01 -7.500000e-02 -7.000000e-02 3.294717e-01 4.274975e-01
6.400000e-01 -7.500000e-02 3.212090e-01 4.988310e-01 6.450000e-01 -7.000000e-02 3.203511e-01 5.005640e-01
6.450000e-01 -7.000000e-02 3.203511e-01 5.005640e-01 6.500000e-01 -6.500000e-02 3.195505e-01 5.022396e-01
-8.500000e-02 -6.000000e-02 3.303758e-01 4.285679e-01 -9.000000e-02 -5.500000e-02 3.307590e-01 4.290444e-01
-8.000000e-02 -6.500000e-02 3.299139e-01 4.280738e-01 -8.500000e-02 -6.000000e-02 3.303758e-01 4.285679e-01
6.500000e-01 -6.500000e-02 3.195505e-01 5.022396e-01 6.550000e-01 -6.000000e-02 3.186937e-01 5.038362e-01
6.550000e-01 -6.000000e-02 3.186937e-01 5.038362e-01 6.600000e-01 -5.500000e-02 3.178990e-01 5.053780e-01
-9.500000e-02 -5.000000e-02 3.311579e-01 4.294387e-01 -1.000000e-01 -4.500000e-02 3.314757e-01 4.298194e-01
-9.000000e-02 -5.500000e-02 3.307590e-01 4.290444e-01 -9.500000e-02 -5.000000e-02 3.311579e-01 4.294387e-01
6.600000e-01 -5.500000e-02 3.178990e-01 5.053780e-01 6.650000e-01 -5.000000e-02 3.170511e-01 5.068377e-01
6.650000e-01 -5.000000e-02 3.170511e-01 5.068377e-01 6.750000e-01 -5.000000e-02 3.189644e-01 5.033618e-01
6.750000e-01 -5.000000e-02 3.189644e-01 5.033618e-01 6.800000e-01 -4.500000e-02 3.182518e-01 5.047212e-01
-1.050000e-01 -4.000000e-02 3.318050e-01 4.301181e-01 -1.100000e-01 -3.500000e-02 3.320511e-01 4.304075e-01
-1.000000e-01 -4.500000e-02 3.314757e-01 4.298194e-01 -1.050000e-01 -4.000000e-02 3.318050e-01 4.301181e-01
6.800000e-01 -4.500000e-02 3.182518e-01 5.047212e-01 6.850000e-01 -4.000000e-02 3.174922e-01 5.059959e-01
6.850000e-01 -4.000000e-02 3.174922e-01 5.059959e-01 6.900000e-01 -3.500000e-02 3.168055e-01 5.072254e-01
-1.150000e-01 -3.000000e-02 3.323045e-01 4.306155e-01 -1.200000e-01 -2.500000e-02 3.324731e-01 4.308184e-01
-1.100000e-01 -3.500000e-02 3.320511e-01 4.304075e-01 -1.150000e-01 -3.000000e-02 3.323045e-01 4.306155e-01
6.900000e-01 -3.500000e-02 3.168055e-01 5.072254e-01 6.950000e-01 -3.000000e-02 3.160753e-01 5.083679e-01
6.950000e-01 -3.000000e-02 3.160753e-01 5.083679e-01 7.000000e-01 -2.500000e-02 3.154222e-01 5.094688e-01
-1.250000e-01 -2.000000e-02 3.326446e-01 4.309409e-01 -1.300000e-01 -1.500000e-02 3.327298e-01 4.310625e-01
-1.200000e-01 -2.500000e-02 3.324731e-01 4.308184e-01 -1.250000e-01 -2.000000e-02 3.326446e-01 4.309409e-01
7.000000e-01 -2.500000e-02 3.154222e-01 5.094688e-01 7.050000e-01 -2.000000e-02 3.147296e-01 5.104806e-01
7.050000e-01 -2.000000e-02 3.147296e-01 5.104806e-01 7.100000e-01 -1.500000e-02 3.141179e-01 5.114549e-01
-1.350000e-01 -1.000000e-02 3.328137e-01 4.311048e-01 -1.400000e-01 -5.000000e-03 3.328102e-01 4.311506e-01
-1.300000e-01 -1.500000e-02 3.327298e-01 4.310625e-01 -1.350000e-01 -1.000000e-02 3.328137e-01 4.311048e-01
7.100000e-01 -1.500000e-02 3.141179e-01 5.114549e-01 7.150000e-01 -1.000000e-02 3.134708e-01 5.123384e-01
7.150000e-01 -1.000000e-02 3.134708e-01 5.123384e-01 7.200000e-01 -5.000000e-03 3.129084e-01 5.131885e-01
-1.450000e-01 1.066855e-16 3.328011e-01 4.311185e-01 -1.500000e-01 5.000000e-03 3.327039e-01 4.310942e-01
-1.400000e-01 -5.000000e-03 3.328102e-01 4.311506e-01 -1.450000e-01 1.066855e-16 3.328011e-01 4.311185e-01
7.200000e-01 -5.000000e-03 3.129084e-01 5.131885e-01 7.250000e-01 1.066855e-16 3.123149e-01 5.139461e-01
7.250000e-01 1.066855e-16 3.123149e-01 5.139461e-01 7.300000e-01 5.000000e-03 3.118095e-01 5.146750e-01
-1.500000e-01 5.000000e-03 3.327039e-01 4.310942e-01 -1.500000e-01 1.500000e-02 3.369224e-01 4.351118e-01
7.300000e-01 5.000000e-03 3.118095e-01 5.146750e-01 7.350000e-01 1.000000e-02 3.112777e-01 5.153103e-01
7.350000e-01 1.000000e-02 3.112777e-01 5.153103e-01 7.400000e-01 1.500000e-02 3.108370e-01 5.159215e-01
-1.550000e-01 2.000000e-02 3.368032e-01 4.349350e-01 -1.600000e-01 2.500000e-02 3.365937e-01 4.347724e-01
-1.500000e-01 1.500000e-02 3.369224e-01 4.351118e-01 -1.550000e-01 2.000000e-02 3.368032e-01 4.349350e-01
7.400000e-01 1.500000e-02 3.108370e-01 5.159215e-01 7.450000e-01 2.000000e-02 3.103746e-01 5.164384e-01
7.450000e-01 2.000000e-02 3.103746e-01 5.164384e-01 7.500000e-01 2.500000e-02 3.100061e-01 5.169359e-01
-1.650000e-01 3.000000e-02 3.363678e-01 4.345357e-01 -1.700000e-01 3.500000e-02 3.360515e-01 4.343174e-01
-1.600000e-01 2.500000e-02 3.365937e-01 4.347724e-01 -1.650000e-01 3.000000e-02 3.363678e-01 4.345357e-01
7.500000e-01 2.500000e-02 3.100061e-01 5.169359e-01 7.550000e-01 3.000000e-02 3.096208e-01 5.173387e-01
7.550000e-01 3.000000e-02 3.096208e-01 5.173387e-01 7.600000e-01 3.500000e-02 3.093318e-01 5.177272e-01
-1.700000e-01 3.500000e-02 3.360515e-01 4.343174e-01 -1.700000e-01 4.500000e-02 3.402227e-01 4.379085e-01
7.600000e-01 3.500000e-02 3.093318e-01 5.177272e-01 7.650000e-01 4.000000e-02 3.090310e-01 5.180209e-01
7.650000e-01 4.000000e-02 3.090310e-01 5.180209e-01 7.700000e-01 4.500000e-02 3.088284e-01 5.183055e-01
-1.750000e-01 5.000000e-02 3.398630e-01 4.375470e-01 -1.800000e-01 5.500000e-02 3.394120e-01 4.372105e-01
-1.700000e-01 4.500000e-02 3.402227e-01 4.379085e-01 -1.750000e-01 5.000000e-02 3.398630e-01 4.375470e-01
7.700000e-01 4.500000e-02 3.088284e-01 5.183055e-01 7.750000e-01 5.000000e-02 3.086191e-01 5.184955e-01
7.750000e-01 5.000000e-02 3.086191e-01 5.184955e-01 7.800000e-01 5.500000e-02 3.085096e-01 5.186816e-01
-1.800000e-01 5.500000e-02 3.394120e-01 4.372105e-01 -1.800000e-01 6.500000e-02 3.435411e-01 4.405292e-01
7.800000e-01 5.500000e-02 3.085096e-01 5.186816e-01 7.850000e-01 6.000000e-02 3.083986e-01 5.187740e-01
7.850000e-01 6.000000e-02 3.083986e-01 5.187740e-01 7.900000e-01 6.500000e-02 3.083885e-01 5.188676e-01
-1.850000e-01 7.000000e-02 3.430335e-01 4.400561e-01 -1.900000e-01 7.500000e-02 3.424342e-01 4.396145e-01
-1.800000e-01 6.500000e-02 3.435411e-01 4.405292e-01 -1.850000e-01 7.000000e-02 3.430335e-01 4.400561e-01
7.900000e-01 6.500000e-02 3.083885e-01 5.188676e-01 7.900000e-01 7.500000e-02 3.043209e-01 5.229373e-01
-1.950000e-01 8.000000e-02 3.418017e-01 4.391082e-01 -2.000000e-01 8.500000e-02 3.410788e-01 4.386370e-01
-1.900000e-01 7.500000e-02 3.424342e-01 4.396145e-01 -1.950000e-01 8.000000e-02 3.418017e-01 4.391082e-01
7.900000e-01 7.500000e-02 3.043209e-01 5.229373e-01 7.950000e-01 8.000000e-02 3.043210e-01 5.228447e-01
7.950000e-01 8.000000e-02 3.043210e-01 5.228447e-01 8.000000e-01 8.500000e-02 3.044250e-01 5.227612e-01
-2.000000e-01 8.500000e-02 3.410788e-01 4.386370e-01 -2.000000e-01 9.500000e-02 3.450712e-01 4.415646e-01
8.000000e-01 8.500000e-02 3.044250e-01 5.227612e-01 8.050000e-01 9.000000e-02 3.045407e-01 5.225857e-01
8.050000e-01 9.000000e-02 3.045407e-01 5.225857e-01 8.100000e-01 9.500000e-02 3.047604e-01 5.224246e-01
-2.000000e-01 9.500000e-02 3.450712e-01 4.415646e-01 -2.000000e-01 1.050000e-01 3.490517e-01 4.443599e-01
8.100000e-01 9.500000e-02 3.047604e-01 5.224246e-01 8.150000e-01 1.000000e-01 3.049970e-01 5.221739e-01
8.150000e-01 1.000000e-01 3.049970e-01 5.221739e-01 8.200000e-01 1.050000e-01 3.053371e-01 5.219426e-01
-2.050000e-01 1.100000e-01 3.482100e-01 4.437086e-01 -2.100000e-01 1.150000e-01 3.472786e-01 4.431013e-01
-2.000000e-01 1.050000e-01 3.490517e-01 4.443599e-01 -2.050000e-01 1.100000e-01 3.482100e-01 4.437086e-01
8.200000e-01 1.050000e-01 3.053371e-01 5.219426e-01 8.200000e-01 1.150000e-01 3.013312e-01 5.253114e-01
-2.100000e-01 1.150000e-01 3.472786e-01 4.431013e-01 -2.100000e-01 1.250000e-01 3.511528e-01 4.456508e-01
8.200000e-01 1.150000e-01 3.013312e-01 5.253114e-01 8.250000e-01 1.200000e-01 3.017185e-01 5.249056e-01
8.250000e-01 1.200000e-01 3.017185e-01 5.249056e-01 8.300000e-01 1.250000e-01 3.022102e-01 5.245274e-01
-2.150000e-01 1.300000e-01 3.501276e-01 4.449353e-01 -2.200000e-01 1.350000e-01 3.490149e-01 4.442694e-01
-2.100000e-01 1.250000e-01 3.511528e-01 4.456508e-01 -2.150000e-01 1.300000e-01 3.501276e-01 4.449353e-01
8.300000e-01 1.250000e-01 3.022102e-01 5.245274e-01 8.350000e-01 1.300000e-01 3.027320e-01 5.240650e-01
8.350000e-01 1.300000e-01 3.027320e-01 5.240650e-01 8.400000e-01 1.350000e-01 3.033566e-01 5.236352e-01
-2.200000e-01 1.350000e-01 3.490149e-01 4.442694e-01 -2.200000e-01 1.450000e-01 3.527624e-01 4.465869e-01
8.400000e-01 1.350000e-01 3.033566e-01 5.236352e-01 8.450000e-01 1.400000e-01 3.040161e-01 5.231246e-01
8.450000e-01 1.400000e-01 3.040161e-01 5.231246e-01 8.500000e-01 1.450000e-01 3.047765e-01 5.226511e-01
-2.250000e-01 1.500000e-01 3.515451e-01 4.458250e-01 -2.300000e-01 1.550000e-01 3.502430e-01 4.451179e-01
-2.200000e-01 1.450000e-01 3.527624e-01 4.465869e-01 -2.250000e-01 1.500000e-01 3.515451e-01 4.458250e-01
8.500000e-01 1.450000e-01 3.047765e-01 5.226511e-01 8.500000e-01 1.550000e-01 3.009629e-01 5.253636e-01
-2.300000e-01 1.550000e-01 3.502430e-01 4.451179e-01 -2.300000e-01 1.650000e-01 3.538442e-01 4.472195e-01
8.500000e-01 1.550000e-01 3.009629e-01 5.253636e-01 8.550000e-01 1.600000e-01 3.018052e-01 5.247372e-01
8.550000e-01 1.600000e-01 3.018052e-01 5.247372e-01 8.600000e-01 1.650000e-01 3.027469e-01 5.241555e-01
-2.300000e-01 1.650000e-01 3.538442e-01 4.472195e-01 -2.300000e-01 1.750000e-01 3.574023e-01 4.491971e-01
8.600000e-01 1.650000e-01 3.027469e-01 5.241555e-01 8.600000e-01 1.750000e-01 2.990380e-01 5.265569e-01
-2.300000e-01 1.750000e-01 3.574023e-01 4.491971e-01 -2.300000e-01 1.850000e-01 3.609134e-01 4.510514e-01
8.600000e-01 1.750000e-01 2.990380e-01 5.265569e-01 8.650000e-01 1.800000e-01 3.000765e-01 5.258329e-01
8.650000e-01 1.800000e-01 3.000765e-01 5.258329e-01 8.700000e-01 1.850000e-01 3.012118e-01 5.251609e-01
-2.350000e-01 1.900000e-01 3.593725e-01 4.501876e-01 -2.400000e-01 1.950000e-01 3.577517e-01 4.493880e-01
-2.300000e-01 1.850000e-01 3.609134e-01 4.510514e-01 -2.350000e-01 1.900000e-01 3.593725e-01 4.501876e-01
8.700000e-01 1.850000e-01 3.012118e-01 5.251609e-01 8.750000e-01 1.900000e-01 3.024009e-01 5.244232e-01
8.750000e-01 1.900000e-01 3.024009e-01 5.244232e-01 8.800000e-01 1.950000e-01 3.036836e-01 5.237408e-01
-2.400000e-01 1.950000e-01 3.577517e-01 4.493880e-01 -2.400000e-01 2.050000e-01 3.610807e-01 4.510559e-01
8.800000e-01 1.950000e-01 3.036836e-01 5.237408e-01 8.800000e-01 2.050000e-01 3.002194e-01 5.257185e-01
-2.400000e-01 2.050000e-01 3.610807e-01 4.510559e-01 -2.400000e-01 2.150000e-01 3.643494e-01 4.526076e-01
8.800000e-01 2.050000e-01 3.002194e-01 5.257185e-01 8.850000e-01 2.100000e-01 3.016191e-01 5.249168e-01
8.850000e-01 2.100000e-01 3.016191e-01 5.249168e-01 8.900000e-01 2.150000e-01 3.031086e-01 5.241767e-01
-2.450000e-01 2.200000e-01 3.625274e-01 4.517242e-01 -2.500000e-01 2.250000e-01 3.606313e-01 4.509105e-01
-2.400000e-01 2.150000e-01 3.643494e-01 4.526076e-01 -2.450000e-01 2.200000e-01 3.625274e-01 4.517242e-01
8.900000e-01 2.150000e-01 3.031086e-01 5.241767e-01 8.900000e-01 2.250000e-01 2.998122e-01 5.258853e-01
-2.500000e-01 2.250000e-01 3.606313e-01 4.509105e-01 -2.500000e-01 2.350000e-01 3.636942e-01 4.523053e-01
8.900000e-01 2.250000e-01 2.998122e-01 5.258853e-01 8.950000e-01 2.300000e-01 3.014304e-01 5.250408e-01
8.950000e-01 2.300000e-01 3.014304e-01 5.250408e-01 9.000000e-01 2.350000e-01 3.031336e-01 5.242632e-01
-2.500000e-01 2.350000e-01 3.636942e-01 4.523053e-01 -2.500000e-01 2.450000e-01 3.666846e-01 4.535933e-01
9.000000e-01 2.350000e-01 3.031336e-01 5.242632e-01 9.000000e-01 2.450000e-01 3.000272e-01 5.257228e-01
-2.500000e-01 2.450000e-01 3.666846e-01 4.535933e-01 -2.500000e-01 2.550000e-01 3.695984e-01 4.547768e-01
9.000000e-01 2.450000e-01 3.000272e-01 5.257228e-01 9.050000e-01 2.500000e-01 3.018691e-01 5.248572e-01
9.050000e-01 2.500000e-01 3.018691e-01 5.248572e-01 9.100000e-01 2.550000e-01 3.037907e-01 5.240630e-01
-2.500000e-01 2.550000e-01 3.695984e-01 4.547768e-01 -2.500000e-01 2.650000e-01 3.724315e-01 4.558585e-01
9.100000e-01 2.550000e-01 3.037907e-01 5.240630e-01 9.100000e-01 2.650000e-01 3.008944e-01 5.252965e-01
-2.500000e-01 2.650000e-01 3.724315e-01 4.558585e-01 -2.500000e-01 2.750000e-01 3.751799e-01 4.568409e-01
9.100000e-01 2.650000e-01 3.008944e-01 5.252965e-01 9.150000e-01 2.700000e-01 3.029630e-01 5.244315e-01
9.150000e-01 2.700000e-01 3.029630e-01 5.244315e-01 9.200000e-01 2.750000e-01 3.051054e-01 5.236418e-01
-2.550000e-01 2.800000e-01 3.728375e-01 4.559545e-01 -2.600000e-01 2.850000e-01 3.704331e-01 4.551462e-01
-2.500000e-01 2.750000e-01 3.751799e-01 4.568409e-01 -2.550000e-01 2.800000e-01 3.728375e-01 4.559545e-01
9.200000e-01 2.750000e-01 3.051054e-01 5.236418e-01 9.200000e-01 2.850000e-01 3.024367e-01 5.246741e-01
-2.600000e-01 2.850000e-01 3.704331e-01 4.551462e-01 -2.600000e-01 2.950000e-01 3.729354e-01 4.560336e-01
9.200000e-01 2.850000e-01 3.024367e-01 5.246741e-01 9.200000e-01 2.950000e-01 2.998529e-01 5.255721e-01
-2.600000e-01 2.950000e-01 3.729354e-01 4.560336e-01 -2.600000e-01 3.050000e-01 3.753427e-01 4.568354e-01
9.200000e-01 2.950000e-01 2.998529e-01 5.255721e-01 9.250000e-01 3.000000e-01 3.022283e-01 5.247085e-01
9.250000e-01 3.000000e-01 3.022283e-01 5.247085e-01 9.300000e-01 3.050000e-01 3.046692e-01 5.239247e-01
-2.600000e-01 3.050000e-01 3.753427e-01 4.568354e-01 -2.600000e-01 3.150000e-01 3.776516e-01 4.575552e-01
9.300000e-01 3.050000e-01 3.046692e-01 5.239247e-01 9.300000e-01 3.150000e-01 3.023368e-01 5.246580e-01
-2.600000e-01 3.150000e-01 3.776516e-01 4.575552e-01 -2.600000e-01 3.250000e-01 3.798585e-01 4.581971e-01
9.300000e-01 3.150000e-01 3.023368e-01 5.246580e-01 9.350000e-01 3.200000e-01 3.049389e-01 5.238471e-01
9.350000e-01 3.200000e-01 3.049389e-01 5.238471e-01 9.400000e-01 3.250000e-01 3.075996e-01 5.231173e-01
-2.600000e-01 3.250000e-01 3.798585e-01 4.581971e-01 -2.600000e-01 3.350000e-01 3.819599e-01 4.587651e-01
9.400000e-01 3.250000e-01 3.075996e-01 5.231173e-01 9.400000e-01 3.350000e-01 3.055294e-01 5.237149e-01
-2.600000e-01 3.350000e-01 3.819599e-01 4.587651e-01 -2.600000e-01 3.450000e-01 3.839527e-01 4.592637e-01
9.400000e-01 3.350000e-01 3.055294e-01 5.237149e-01 9.400000e-01 3.450000e-01 3.035651e-01 5.242019e-01
-2.600000e-01 3.450000e-01 3.839527e-01 4.592637e-01 -2.600000e-01 3.550000e-01 3.858338e-01 4.596972e-01
9.400000e-01 3.450000e-01 3.035651e-01 5.242019e-01 9.450000e-01 3.500000e-01 3.064715e-01 5.234654e-01
9.450000e-01 3.500000e-01 3.064715e-01 5.234654e-01 9.500000e-01 3.550000e-01 3.094276e-01 5.228112e-01
-2.600000e-01 3.550000e-01 3.858338e-01 4.596972e-01 -2.600000e-01 3.650000e-01 3.876004e-01 4.600706e-01
9.500000e-01 3.550000e-01 3.094276e-01 5.228112e-01 9.500000e-01 3.650000e-01 3.077392e-01 5.232041e-01
-2.600000e-01 3.650000e-01 3.876004e-01 4.600706e-01 -2.600000e-01 3.750000e-01 3.892496e-01 4.603888e-01
9.500000e-01 3.650000e-01 3.077392e-01 5.232041e-01 9.500000e-01 3.750000e-01 3.061668e-01 5.235026e-01
-2.600000e-01 3.750000e-01 3.892496e-01 4.603888e-01 -2.600000e-01 3.850000e-01 3.907788e-01 4.606568e-01
9.500000e-01 3.750000e-01 3.061668e-01 5.235026e-01 9.550000e-01 3.800000e-01 3.093692e-01 5.228810e-01
9.550000e-01 3.800000e-01 3.093692e-01 5.228810e-01 9.600000e-01 3.850000e-01 3.126118e-01 5.223409e-01
-2.600000e-01 3.850000e-01 3.907788e-01 4.606568e-01 -2.600000e-01 3.950000e-01 3.921858e-01 4.608801e-01
9.600000e-01 3.850000e-01 3.126118e-01 5.223409e-01 9.600000e-01 3.950000e-01 3.113228e-01 5.225881e-01
-2.600000e-01 3.950000e-01 3.921858e-01 4.608801e-01 -2.600000e-01 4.050000e-01 3.934684e-01 4.610639e-01
9.600000e-01 3.950000e-01 3.113228e-01 5.225881e-01 9.600000e-01 4.050000e-01 3.101574e-01 5.227586e-01
-2.600000e-01 4.050000e-01 3.934684e-01 4.610639e-01 -2.600000e-01 4.150000e-01 3.946247e-01 4.612138e-01
9.600000e-01 4.050000e-01 3.101574e-01 5.227586e-01 9.600000e-01 4.150000e-01 3.091189e-01 5.228575e-01
-2.600000e-01 4.150000e-01 3.946247e-01 4.612138e-01 -2.600000e-01 4.250000e-01 3.956530e-01 4.613356e-01
3.350000e-01 4.200000e-01 4.892727e-01 8.308836e-01 3.300000e-01 4.250000e-01 5.207728e-01 8.163955e-01
3.350000e-01 4.200000e-01 4.892727e-01 8.308836e-01 3.450000e-01 4.200000e-01 4.399607e-01 8.470360e-01
3.450000e-01 4.200000e-01 4.399607e-01 8.470360e-01 3.550000e-01 4.200000e-01 3.862161e-01 8.572016e-01
3.550000e-01 4.200000e-01 3.862161e-01 8.572016e-01 3.650000e-01 4.200000e-01 3.309265e-01 8.600826e-01
3.650000e-01 4.200000e-01 3.309265e-01 8.600826e-01 3.750000e-01 4.200000e-01 2.773909e-01 8.555589e-01
3.750000e-01 4.200000e-01 2.773909e-01 8.555589e-01 3.850000e-01 4.200000e-01 2.284259e-01 8.447097e-01
3.850000e-01 4.200000e-01 2.284259e-01 8.447097e-01 3.950000e-01 4.200000e-01 1.857597e-01 8.293331e-01
3.950000e-01 4.200000e-01 1.857597e-01 8.293331e-01 4.000000e-01 4.250000e-01 1.589496e-01 8.159804e-01
9.600000e-01 4.150000e-01 3.091189e-01 5.228575e-01 9.650000e-01 4.200000e-01 3.126826e-01 5.224196e-01
9.650000e-01 4.200000e-01 3.126826e-01 5.224196e-01 9.700000e-01 4.250000e-01 3.162752e-01 5.220601e-01
-2.600000e-01 4.250000e-01 3.956530e-01 4.613356e-01 -2.600000e-01 4.350000e-01 3.965521e-01 4.614350e-01
3.250000e-01 4.300000e-01 5.557383e-01 7.974954e-01 3.200000e-01 4.350000e-01 5.869557e-01 7.758591e-01
3.300000e-01 4.250000e-01 5.207728e-01 8.163955e-01 3.250000e-01 4.300000e-01 5.557383e-01 7.974954e-01
4.000000e-01 4.250000e-01 1.589496e-01 8.159804e-01 4.050000e-01 4.300000e-01 1.297654e-01 7.988072e-01
4.050000e-01 4.300000e-01 1.297654e-01 7.988072e-01 4.150000e-01 4.300000e-01 1.005243e-01 7.772069e-01
4.150000e-01 4.300000e-01 1.005243e-01 7.772069e-01 4.200000e-01 4.350000e-01 7.892535e-02 7.576997e-01
9.700000e-01 4.250000e-01 3.162752e-01 5.220601e-01 9.700000e-01 4.350000e-01 3.155226e-01 5.221637e-01
-2.600000e-01 4.350000e-01 3.965521e-01 4.614350e-01 -2.600000e-01 4.450000e-01 3.973206e-01 4.615179e-01
3.050000e-01 4.400000e-01 6.468045e-01 7.215476e-01 3.000000e-01 4.450000e-01 6.689828e-01 6.950218e-01
3.050000e-01 4.400000e-01 6.468045e-01 7.215476e-01 3.150000e-01 4.400000e-01 6.197568e-01 7.487758e-01
3.200000e-01 4.350000e-01 5.869557e-01 7.758591e-01 3.150000e-01 4.400000e-01 6.197568e-01 7.487758e-01
4.200000e-01 4.350000e-01 7.892535e-02 7.576997e-01 4.250000e-01 4.400000e-01 5.748372e-02 7.345392e-01
4.250000e-01 4.400000e-01 5.748372e-02 7.345392e-01 4.300000e-01 4.450000e-01 4.003301e-02 7.122434e-01
9.700000e-01 4.350000e-01 3.155226e-01 5.221637e-01 9.700000e-01 4.450000e-01 3.149008e-01 5.222147e-01
-2.600000e-01 4.450000e-01 3.973206e-01 4.615179e-01 -2.600000e-01 4.550000e-01 3.979577e-01 4.615901e-01
3.000000e-01 4.450000e-01 6.689828e-01 6.950218e-01 3.000000e-01 4.550000e-01 6.932780e-01 6.593451e-01
4.300000e-01 4.450000e-01 4.003301e-02 7.122434e-01 4.300000e-01 4.550000e-01 2.056488e-02 6.812517e-01
9.700000e-01 4.450000e-01 3.149008e-01 5.222147e-01 9.700000e-01 4.550000e-01 3.144118e-01 5.222189e-01
-2.600000e-01 4.550000e-01 3.979577e-01 4.615901e-01 -2.600000e-01 4.650000e-01 3.984628e-01 4.616577e-01
2.950000e-01 4.600000e-01 7.104785e-01 6.268009e-01 2.900000e-01 4.650000e-01 7.235117e-01 5.978738e-01
3.000000e-01 4.550000e-01 6.932780e-01 6.593451e-01 2.950000e-01 4.600000e-01 7.104785e-01 6.268009e-01
4.300000e-01 4.550000e-01 2.056488e-02 6.812517e-01 4.350000e-01 4.600000e-01 7.158575e-03 6.536650e-01
4.350000e-01 4.600000e-01 7.158575e-03 6.536650e-01 4.400000e-01 4.650000e-01 -3.026513e-03 6.289337e-01
9.700000e-01 4.550000e-01 3.144118e-01 5.222189e-01 9.700000e-01 4.650000e-01 3.140574e-01 5.221820e-01
-2.600000e-01 4.650000e-01 3.984628e-01 4.616577e-01 -2.600000e-01 4.750000e-01 3.988355e-01 4.617265e-01
2.900000e-01 4.650000e-01 7.235117e-01 5.978738e-01 2.900000e-01 4.750000e-01 7.375529e-01 5.531324e-01
4.400000e-01 4.650000e-01 -3.026513e-03 6.289337e-01 4.400000e-01 4.750000e-01 -1.424503e-02 5.889760e-01
9.700000e-01 4.650000e-01 3.140574e-01 5.221820e-01 9.750000e-01 4.700000e-01 3.180257e-01 5.220369e-01
9.750000e-01 4.700000e-01 3.180257e-01 5.220369e-01 9.800000e-01 4.750000e-01 3.220106e-01 5.219630e-01
-2.600000e-01 4.750000e-01 3.988355e-01 4.617265e-01 -2.550000e-01 4.800000e-01 4.030548e-01 4.618847e-01
-2.550000e-01 4.800000e-01 4.030548e-01 4.618847e-01 -2.500000e-01 4.850000e-01 4.072649e-01 4.619786e-01
2.900000e-01 4.750000e-01 7.375529e-01 5.531324e-01 2.900000e-01 4.850000e-01 7.459352e-01 5.051519e-01
4.400000e-01 4.750000e-01 -1.424503e-02 5.889760e-01 4.400000e-01 4.850000e-01 -2.071684e-02 5.450724e-01
9.800000e-01 4.750000e-01 3.220106e-01 5.219630e-01 9.800000e-01 4.850000e-01 3.219330e-01 5.219980e-01
-2.500000e-01 4.850000e-01 4.072649e-01 4.619786e-01 -2.500000e-01 4.950000e-01 4.073749e-01 4.619337e-01
2.850000e-01 4.900000e-01 7.472965e-01 4.797998e-01 2.800000e-01 4.950000e-01 7.479158e-01 4.575973e-01
2.900000e-01 4.850000e-01 7.459352e-01 5.051519e-01 2.850000e-01 4.900000e-01 7.472965e-01 4.797998e-01
4.400000e-01 4.850000e-01 -2.071684e-02 5.450724e-01 4.400000e-01 4.950000e-01 -2.143469e-02 4.989101e-01
9.800000e-01 4.850000e-01 3.219330e-01 5.219980e-01 9.800000e-01 4.950000e-01 3.219894e-01 5.220112e-01
-2.500000e-01 4.950000e-01 4.073749e-01 4.619337e-01 -2.500000e-01 5.050000e-01 4.073489e-01 4.619086e-01
2.800000e-01 4.950000e-01 7.479158e-01 4.575973e-01 2.800000e-01 5.050000e-01 7.442064e-01 4.158890e-01
4.400000e-01 4.950000e-01 -2.143469e-02 4.989101e-01 4.400000e-01 5.050000e-01 -1.606026e-02 4.526330e-01
9.800000e-01 4.950000e-01 3.219894e-01 5.220112e-01 9.800000e-01 5.050000e-01 3.221804e-01 5.220086e-01
-2.500000e-01 5.050000e-01 4.073489e-01 4.619086e-01 -2.500000e-01 5.150000e-01 4.071879e-01 4.619092e-01
2.800000e-01 5.050000e-01 7.442064e-01 4.158890e-01 2.850000e-01 5.100000e-01 7.393900e-01 3.923286e-01
2.850000e-01 5.100000e-01 7.393900e-01 3.923286e-01 2.900000e-01 5.150000e-01 7.326556e-01 3.655099e-01
4.400000e-01 5.050000e-01 -1.606026e-02 4.526330e-01 4.400000e-01 5.150000e-01 -5.054144e-03 4.084017e-01
9.800000e-01 5.050000e-01 3.221804e-01 5.220086e-01 9.800000e-01 5.150000e-01 3.225062e-01 5.219964e-01
-2.500000e-01 5.150000e-01 4.071879e-01 4.619092e-01 -2.500000e-01 5.250000e-01 4.068930e-01 4.619417e-01
2.900000e-01 5.150000e-01 7.326556e-01 3.655099e-01 2.900000e-01 5.250000e-01 7.181530e-01 3.272393e-01
4.350000e-01 5.200000e-01 5.417225e-03 3.805068e-01 4.300000e-01 5.250000e-01 1.935979e-02 3.488649e-01
4.400000e-01 5.150000e-01 -5.054144e-03 4.084017e-01 4.350000e-01 5.200000e-01 5.417225e-03 3.805068e-01
9.800000e-01 5.150000e-01 3.225062e-01 5.219964e-01 9.800000e-01 5.250000e-01 3.229670e-01 5.219806e-01
-2.500000e-01 5.250000e-01 4.068930e-01 4.619417e-01 -2.500000e-01 5.350000e-01 4.064654e-01 4.620119e-01
2.900000e-01 5.250000e-01 7.181530e-01 3.272393e-01 2.950000e-01 5.300000e-01 7.052998e-01 3.025307e-01
2.950000e-01 5.300000e-01 7.052998e-01 3.025307e-01 3.000000e-01 5.350000e-01 6.887061e-01 2.754372e-01
4.250000e-01 5.300000e-01 3.685139e-02 3.189445e-01 4.200000e-01 5.350000e-01 5.954768e-02 2.860367e-01
4.300000e-01 5.250000e-01 1.935979e-02 3.488649e-01 4.250000e-01 5.300000e-01 3.685139e-02 3.189445e-01
9.800000e-01 5.250000e-01 3.229670e-01 5.219806e-01 9.800000e-01 5.350000e-01 3.235624e-01 5.219674e-01
-2.500000e-01 5.350000e-01 4.064654e-01 4.620119e-01 -2.450000e-01 5.400000e-01 4.102550e-01 4.617895e-01
-2.450000e-01 5.400000e-01 4.102550e-01 4.617895e-01 -2.400000e-01 5.450000e-01 4.140219e-01 4.614920e-01
3.000000e-01 5.350000e-01 6.887061e-01 2.754372e-01 3.000000e-01 5.450000e-01 6.678795e-01 2.482484e-01
4.200000e-01 5.350000e-01 5.954768e-02 2.860367e-01 4.200000e-01 5.450000e-01 8.621047e-02 2.549436e-01
9.800000e-01 5.350000e-01 3.235624e-01 5.219674e-01 9.850000e-01 5.400000e-01 3.279952e-01 5.223298e-01
9.850000e-01 5.400000e-01 3.279952e-01 5.223298e-01 9.900000e-01 5.450000e-01 3.324312e-01 5.227482e-01
-2.400000e-01 5.450000e-01 4.140219e-01 4.614920e-01 -2.400000e-01 5.550000e-01 4.133118e-01 4.615247e-01
3.000000e-01 5.450000e-01 6.678795e-01 2.482484e-01 3.050000e-01 5.500000e-01 6.485909e-01 2.275201e-01
3.050000e-01 5.500000e-01 6.485909e-01 2.275201e-01 3.150000e-01 5.500000e-01 6.241796e-01 2.056172e-01
3.150000e-01 5.500000e-01 6.241796e-01 2.056172e-01 3.200000e-01 5.550000e-01 5.967785e-01 1.855196e-01
4.050000e-01 5.500000e-01 1.451346e-01 2.034487e-01 4.000000e-01 5.550000e-01 1.799276e-01 1.812071e-01
4.050000e-01 5.500000e-01 1.451346e-01 2.034487e-01 4.150000e-01 5.500000e-01 1.116480e-01 2.303256e-01
4.200000e-01 5.450000e-01 8.621047e-02 2.549436e-01 4.150000e-01 5.500000e-01 1.116480e-01 2.303256e-01
9.900000e-01 5.450000e-01 3.324312e-01 5.227482e-01 9.900000e-01 5.550000e-01 3.332703e-01 5.228894e-01
-2.400000e-01 5.550000e-01 4.133118e-01 4.615247e-01 -2.400000e-01 5.650000e-01 4.124711e-01 4.616144e-01
3.200000e-01 5.550000e-01 5.967785e-01 1.855196e-01 3.250000e-01 5.600000e-01 5.709438e-01 1.695179e-01
3.250000e-01 5.600000e-01 5.709438e-01 1.695179e-01 3.350000e-01 5.600000e-01 5.316275e-01 1.510282e-01
3.350000e-01 5.600000e-01 5.316275e-01 1.510282e-01 3.400000e-01 5.650000e-01 5.007504e-01 1.406284e-01
3.850000e-01 5.600000e-01 2.605916e-01 1.444892e-01 3.800000e-01 5.650000e-01 2.948388e-01 1.354545e-01
3.850000e-01 5.600000e-01 2.605916e-01 1.444892e-01 3.950000e-01 5.600000e-01 2.117928e-01 1.639354e-01
4.000000e-01 5.550000e-01 1.799276e-01 1.812071e-01 3.950000e-01 5.600000e-01 2.117928e-01 1.639354e-01
9.900000e-01 5.550000e-01 3.332703e-01 5.228894e-01 9.900000e-01 5.650000e-01 3.342379e-01 5.230503e-01
-2.400000e-01 5.650000e-01 4.124711e-01 4.616144e-01 -2.400000e-01 5.750000e-01 4.115019e-01 4.617664e-01
3.400000e-01 5.650000e-01 5.007504e-01 1.406284e-01 3.450000e-01 5.700000e-01 4.734013e-01 1.329590e-01
3.450000e-01 5.700000e-01 4.734013e-01 1.329590e-01 3.550000e-01 5.700000e-01 4.259618e-01 1.254742e-01
3.550000e-01 5.700000e-01 4.259618e-01 1.254742e-01 3.650000e-01 5.700000e-01 3.755561e-01 1.239624e-01
3.650000e-01 5.700000e-01 3.755561e-01 1.239624e-01 3.750000e-01 5.700000e-01 3.246600e-01 1.289291e-01
3.800000e-01 5.650000e-01 2.948388e-01 1.354545e-01 3.750000e-01 5.700000e-01 3.246600e-01 1.289291e-01
9.900000e-01 5.650000e-01 3.342379e-01 5.230503e-01 9.900000e-01 5.750000e-01 3.353327e-01 5.232366e-01
-2.400000e-01 5.750000e-01 4.115019e-01 4.617664e-01 -2.350000e-01 5.800000e-01 4.149575e-01 4.613290e-01
-2.350000e-01 5.800000e-01 4.149575e-01 4.613290e-01 -2.300000e-01 5.850000e-01 4.183797e-01 4.608116e-01
9.900000e-01 5.750000e-01 3.353327e-01 5.232366e-01 9.900000e-01 5.850000e-01 3.365531e-01 5.234538e-01
-2.300000e-01 5.850000e-01 4.183797e-01 4.608116e-01 -2.300000e-01 5.950000e-01 4.171245e-01 4.609813e-01
9.900000e-01 5.850000e-01 3.365531e-01 5.234538e-01 9.900000e-01 5.950000e-01 3.378974e-01 5.237076e-01
-2.300000e-01 5.950000e-01 4.171245e-01 4.609813e-01 -2.300000e-01 6.050000e-01 4.157464e-01 4.612320e-01
9.900000e-01 5.950000e-01 3.378974e-01 5.237076e-01 9.900000e-01 6.050000e-01 3.393637e-01 5.240032e-01
-2.300000e-01 6.050000e-01 4.157464e-01 4.612320e-01 -2.250000e-01 6.100000e-01 4.189247e-01 4.606517e-01
-2.250000e-01 6.100000e-01 4.189247e-01 4.606517e-01 -2.200000e-01 6.150000e-01 4.220604e-01 4.599890e-01
9.900000e-01 6.050000e-01 3.393637e-01 5.240032e-01 9.900000e-01 6.150000e-01 3.409495e-01 5.243461e-01
-2.200000e-01 6.150000e-01 4.220604e-01 4.599890e-01 -2.200000e-01 6.250000e-01 4.203987e-01 4.603005e-01
9.900000e-01 6.150000e-01 3.409495e-01 5.243461e-01 9.900000e-01 6.250000e-01 3.426528e-01 5.247412e-01
-2.200000e-01 6.250000e-01 4.203987e-01 4.603005e-01 -2.200000e-01 6.350000e-01 4.186222e-01 4.607105e-01
9.900000e-01 6.250000e-01 3.426528e-01 5.247412e-01 9.900000e-01 6.350000e-01 3.444706e-01 5.251936e-01
-2.200000e-01 6.350000e-01 4.186222e-01 4.607105e-01 -2.150000e-01 6.400000e-01 4.215100e-01 4.600235e-01
-2.150000e-01 6.400000e-01 4.215100e-01 4.600235e-01 -2.100000e-01 6.450000e-01 4.243461e-01 4.592539e-01
9.900000e-01 6.350000e-01 3.444706e-01 5.251936e-01 9.900000e-01 6.450000e-01 3.464004e-01 5.257080e-01
-2.100000e-01 6.450000e-01 4.243461e-01 4.592539e-01 -2.100000e-01 6.550000e-01 4.222947e-01 4.597677e-01
9.900000e-01 6.450000e-01 3.464004e-01 5.257080e-01 9.900000e-01 6.550000e-01 3.484390e-01 5.262890e-01
-2.100000e-01 6.550000e-01 4.222947e-01 4.597677e-01 -2.100000e-01 6.650000e-01 4.201394e-01 4.603959e-01
9.900000e-01 6.550000e-01 3.484390e-01 5.262890e-01 9.900000e-01 6.650000e-01 3.505834e-01 5.269409e-01
-2.100000e-01 6.650000e-01 4.201394e-01 4.603959e-01 -2.050000e-01 6.700000e-01 4.227294e-01 4.596418e-01
-2.050000e-01 6.700000e-01 4.227294e-01 4.596418e-01 -2.000000e-01 6.750000e-01 4.252584e-01 4.588067e-01
9.850000e-01 6.700000e-01 3.478910e-01 5.261811e-01 9.800000e-01 6.750000e-01 3.452527e-01 5.253407e-01
9.900000e-01 6.650000e-01 3.505834e-01 5.269409e-01 9.850000e-01 6.700000e-01 3.478910e-01 5.261811e-01
-2.000000e-01 6.750000e-01 4.252584e-01 4.588067e-01 -2.000000e-01 6.850000e-01 4.228434e-01 4.595800e-01
9.800000e-01 6.750000e-01 3.452527e-01 5.253407e-01 9.800000e-01 6.850000e-01 3.476604e-01 5.260484e-01
-2.000000e-01 6.850000e-01 4.228434e-01 4.595800e-01 -2.000000e-01 6.950000e-01 4.203371e-01 4.604814e-01
9.800000e-01 6.850000e-01 3.476604e-01 5.260484e-01 9.800000e-01 6.950000e-01 3.501655e-01 5.268427e-01
-2.000000e-01 6.950000e-01 4.203371e-01 4.604814e-01 -1.950000e-01 7.000000e-01 4.226283e-01 4.597013e-01
-1.950000e-01 7.000000e-01 4.226283e-01 4.597013e-01 -1.900000e-01 7.050000e-01 4.248497e-01 4.588439e-01
9.800000e-01 6.950000e-01 3.501655e-01 5.268427e-01 9.800000e-01 7.050000e-01 3.527642e-01 5.277269e-01
-1.900000e-01 7.050000e-01 4.248497e-01 4.588439e-01 -1.900000e-01 7.150000e-01 4.221049e-01 4.599287e-01
9.800000e-01 7.050000e-01 3.527642e-01 5.277269e-01 9.800000e-01 7.150000e-01 3.554528e-01 5.287046e-01
-1.900000e-01 7.150000e-01 4.221049e-01 4.599287e-01 -1.850000e-01 7.200000e-01 4.241746e-01 4.591300e-01
-1.850000e-01 7.200000e-01 4.241746e-01 4.591300e-01 -1.800000e-01 7.250000e-01 4.261684e-01 4.582570e-01
9.800000e-01 7.150000e-01 3.554528e-01 5.287046e-01 9.800000e-01 7.250000e-01 3.582271e-01 5.297787e-01
-1.800000e-01 7.250000e-01 4.261684e-01 4.582570e-01 -1.800000e-01 7.350000e-01 4.232007e-01 4.595515e-01
9.800000e-01 7.250000e-01 3.582271e-01 5.297787e-01 9.800000e-01 7.350000e-01 3.610834e-01 5.309522e-01
-1.800000e-01 7.350000e-01 4.232007e-01 4.595515e-01 -1.750000e-01 7.400000e-01 4.250497e-01 4.587550e-01
-1.750000e-01 7.400000e-01 4.250497e-01 4.587550e-01 -1.700000e-01 7.450000e-01 4.268170e-01 4.578882e-01
9.750000e-01 7.400000e-01 3.589906e-01 5.301231e-01 9.700000e-01 7.450000e-01 3.569676e-01 5.292203e-01
9.800000e-01 7.350000e-01 3.610834e-01 5.309522e-01 9.750000e-01 7.400000e-01 3.589906e-01 5.301231e-01
-1.700000e-01 7.450000e-01 4.268170e-01 4.578882e-01 -1.700000e-01 7.550000e-01 4.236450e-01 4.594170e-01
9.700000e-01 7.450000e-01 3.569676e-01 5.292203e-01 9.700000e-01 7.550000e-01 3.600474e-01 5.305280e-01
-1.700000e-01 7.550000e-01 4.236450e-01 4.594170e-01 -1.650000e-01 7.600000e-01 4.252764e-01 4.586437e-01
-1.650000e-01 7.600000e-01 4.252764e-01 4.586437e-01 -1.600000e-01 7.650000e-01 4.268210e-01 4.578051e-01
9.700000e-01 7.550000e-01 3.600474e-01 5.305280e-01 9.700000e-01 7.650000e-01 3.631975e-01 5.319462e-01
-1.600000e-01 7.650000e-01 4.268210e-01 4.578051e-01 -1.600000e-01 7.750000e-01 4.234653e-01 4.595900e-01
9.700000e-01 7.650000e-01 3.631975e-01 5.319462e-01 9.700000e-01 7.750000e-01 3.664136e-01 5.334768e-01
-1.600000e-01 7.750000e-01 4.234653e-01 4.595900e-01 -1.550000e-01 7.800000e-01 4.248846e-01 4.588608e-01
-1.550000e-01 7.800000e-01 4.248846e-01 4.588608e-01 -1.500000e-01 7.850000e-01 4.262125e-01 4.580720e-01
9.700000e-01 7.750000e-01 3.664136e-01 5.334768e-01 9.700000e-01 7.850000e-01 3.696916e-01 5.351215e-01
-1.500000e-01 7.850000e-01 4.262125e-01 4.580720e-01 -1.500000e-01 7.950000e-01 4.226962e-01 4.601323e-01
9.650000e-01 7.900000e-01 3.680163e-01 5.343340e-01 9.600000e-01 7.950000e-01 3.664195e-01 5.334816e-01
9.700000e-01 7.850000e-01 3.696916e-01 5.351215e-01 9.650000e-01 7.900000e-01 3.680163e-01 5.343340e-01
-1.500000e-01 7.950000e-01 4.226962e-01 4.601323e-01 -1.450000e-01 8.000000e-01 4.239110e-01 4.594675e-01
-1.450000e-01 8.000000e-01 4.239110e-01 4.594675e-01 -1.400000e-01 8.050000e-01 4.250307e-01 4.587494e-01
9.600000e-01 7.950000e-01 3.664195e-01 5.334816e-01 9.600000e-01 8.050000e-01 3.698825e-01 5.353069e-01
-1.400000e-01 8.050000e-01 4.250307e-01 4.587494e-01 -1.350000e-01 8.100000e-01 4.260989e-01 4.580991e-01
-1.350000e-01 8.100000e-01 4.260989e-01 4.580991e-01 -1.300000e-01 8.150000e-01 4.270691e-01 4.573991e-01
9.600000e-01 8.050000e-01 3.698825e-01 5.353069e-01 9.600000e-01 8.150000e-01 3.733946e-01 5.372538e-01
-1.300000e-01 8.150000e-01 4.270691e-01 4.573991e-01 -1.300000e-01 8.250000e-01 4.233202e-01 4.598926e-01
9.550000e-01 8.200000e-01 3.719828e-01 5.365100e-01 9.500000e-01 8.250000e-01 3.706542e-01 5.357080e-01
9.600000e-01 8.150000e-01 3.733946e-01 5.372538e-01 9.550000e-01 8.200000e-01 3.719828e-01 5.365100e-01
-1.300000e-01 8.250000e-01 4.233202e-01 4.598926e-01 -1.250000e-01 8.300000e-01 4.241981e-01 4.593388e-01
-1.250000e-01 8.300000e-01 4.241981e-01 4.593388e-01 -1.200000e-01 8.350000e-01 4.249758e-01 4.587426e-01
9.500000e-01 8.250000e-01 3.706542e-01 5.357080e-01 9.500000e-01 8.350000e-01 3.743253e-01 5.378611e-01
-1.200000e-01 8.350000e-01 4.249758e-01 4.587426e-01 -1.200000e-01 8.450000e-01 4.211304e-01 4.615510e-01
9.500000e-01 8.350000e-01 3.743253e-01 5.378611e-01 9.500000e-01 8.450000e-01 3.780324e-01 5.401410e-01
-1.200000e-01 8.450000e-01 4.211304e-01 4.615510e-01 -1.150000e-01 8.500000e-01 4.218310e-01 4.611111e-01
-1.150000e-01 8.500000e-01 4.218310e-01 4.611111e-01 -1.100000e-01 8.550000e-01 4.224303e-01 4.606367e-01
9.450000e-01 8.500000e-01 3.768677e-01 5.394749e-01 9.400000e-01 8.550000e-01 3.757894e-01 5.387581e-01
9.500000e-01 8.450000e-01 3.780324e-01 5.401410e-01 9.450000e-01 8.500000e-01 3.768677e-01 5.394749e-01
-1.100000e-01 8.550000e-01 4.224303e-01 4.606367e-01 -1.050000e-01 8.600000e-01 4.229971e-01 4.602443e-01
-1.050000e-01 8.600000e-01 4.229971e-01 4.602443e-01 -1.000000e-01 8.650000e-01 4.234610e-01 4.598219e-01
9.400000e-01 8.550000e-01 3.757894e-01 5.387581e-01 9.400000e-01 8.650000e-01 3.796274e-01 5.412654e-01
-1.000000e-01 8.650000e-01 4.234610e-01 4.598219e-01 -9.500000e-02 8.700000e-01 4.238972e-01 4.594850e-01
-9.500000e-02 8.700000e-01 4.238972e-01 4.594850e-01 -9.000000e-02 8.750000e-01 4.242291e-01 4.591230e-01
9.350000e-01 8.700000e-01 3.786452e-01 5.406535e-01 9.300000e-01 8.750000e-01 3.777519e-01 5.399964e-01
9.400000e-01 8.650000e-01 3.796274e-01 5.412654e-01 9.350000e-01 8.700000e-01 3.786452e-01 5.406535e-01
-9.000000e-02 8.750000e-01 4.242291e-01 4.591230e-01 -9.000000e-02 8.850000e-01 4.202099e-01 4.625951e-01
9.300000e-01 8.750000e-01 3.777519e-01 5.399964e-01 9.300000e-01 8.850000e-01 3.817007e-01 5.427454e-01
-9.000000e-02 8.850000e-01 4.202099e-01 4.625951e-01 -8.500000e-02 8.900000e-01 4.204998e-01 4.624096e-01
-8.500000e-02 8.900000e-01 4.204998e-01 4.624096e-01 -8.000000e-02 8.950000e-01 4.206865e-01 4.622073e-01
9.250000e-01 8.900000e-01 3.808918e-01 5.422043e-01 9.200000e-01 8.950000e-01 3.801734e-01 5.416240e-01
9.300000e-01 8.850000e-01 3.817007e-01 5.427454e-01 9.250000e-01 8.900000e-01 3.808918e-01 5.422043e-01
-8.000000e-02 8.950000e-01 4.206865e-01 4.622073e-01 -7.500000e-02 9.000000e-01 4.208588e-01 4.620954e-01
-7.500000e-02 9.000000e-01 4.208588e-01 4.620954e-01 -7.000000e-02 9.050000e-01 4.209277e-01 4.619718e-01
9.200000e-01 8.950000e-01 3.801734e-01 5.416240e-01 9.200000e-01 9.050000e-01 3.842121e-01 5.446266e-01
-7.000000e-02 9.050000e-01 4.209277e-01 4.619718e-01 -6.500000e-02 9.100000e-01 4.209875e-01 4.619406e-01
-6.500000e-02 9.100000e-01 4.209875e-01 4.619406e-01 -6.000000e-02 9.150000e-01 4.209441e-01 4.619028e-01
9.150000e-01 9.100000e-01 3.835659e-01 5.441721e-01 9.100000e-01 9.150000e-01 3.830110e-01 5.436846e-01
9.200000e-01 9.050000e-01 3.842121e-01 5.446266e-01 9.150000e-01 9.100000e-01 3.835659e-01 5.441721e-01
-6.000000e-02 9.150000e-01 4.209441e-01 4.619028e-01 -6.000000e-02 9.250000e-01 4.168819e-01 4.660777e-01
9.100000e-01 9.150000e-01 3.830110e-01 5.436846e-01 9.100000e-01 9.250000e-01 3.871181e-01 5.469502e-01
-6.000000e-02 9.250000e-01 4.168819e-01 4.660777e-01 -5.500000e-02 9.300000e-01 4.168334e-01 4.662267e-01
-5.500000e-02 9.300000e-01 4.168334e-01 4.662267e-01 -5.000000e-02 9.350000e-01 4.166852e-01 4.663770e-01
9.050000e-01 9.300000e-01 3.866226e-01 5.465969e-01 9.000000e-01 9.350000e-01 3.862183e-01 5.462171e-01
9.100000e-01 9.250000e-01 3.871181e-01 5.469502e-01 9.050000e-01 9.300000e-01 3.866226e-01 5.465969e-01
-5.000000e-02 9.350000e-01 4.166852e-01 4.663770e-01 -4.500000e-02 9.400000e-01 4.165408e-01 4.666210e-01
-4.500000e-02 9.400000e-01 4.165408e-01 4.666210e-01 -4.000000e-02 9.450000e-01 4.162979e-01 4.668714e-01
9.000000e-01 9.350000e-01 3.862183e-01 5.462171e-01 9.000000e-01 9.450000e-01 3.903727e-01 5.497525e-01
-4.000000e-02 9.450000e-01 4.162979e-01 4.668714e-01 -3.500000e-02 9.500000e-01 4.160641e-01 4.672161e-01
-3.500000e-02 9.500000e-01 4.160641e-01 4.672161e-01 -3.000000e-02 9.550000e-01 4.157335e-01 4.675724e-01
8.950000e-01 9.500000e-01 3.900148e-01 5.495138e-01 8.900000e-01 9.550000e-01 3.897473e-01 5.492551e-01
9.000000e-01 9.450000e-01 3.903727e-01 5.497525e-01 8.950000e-01 9.500000e-01 3.900148e-01 5.495138e-01
-3.000000e-02 9.550000e-01 4.157335e-01 4.675724e-01 -2.500000e-02 9.600000e-01 4.154171e-01 4.680231e-01
-2.500000e-02 9.600000e-01 4.154171e-01 4.680231e-01 -2.000000e-02 9.650000e-01 4.150059e-01 4.684903e-01
8.850000e-01 9.600000e-01 3.894976e-01 5.490697e-01 8.800000e-01 9.650000e-01 3.893384e-01 5.488684e-01
8.900000e-01 9.550000e-01 3.897473e-01 5.492551e-01 8.850000e-01 9.600000e-01 3.894976e-01 5.490697e-01
-2.000000e-02 9.650000e-01 4.150059e-01 4.684903e-01 -1.500000e-02 9.700000e-01 4.146138e-01 4.690517e-01
-1.500000e-02 9.700000e-01 4.146138e-01 4.690517e-01 -1.000000e-02 9.750000e-01 4.141295e-01 4.696347e-01
8.800000e-01 9.650000e-01 3.893384e-01 5.488684e-01 8.800000e-01 9.750000e-01 3.935484e-01 5.528268e-01
-1.000000e-02 9.750000e-01 4.141295e-01 4.696347e-01 -5.000000e-03 9.800000e-01 4.136692e-01 4.703112e-01
-5.000000e-03 9.800000e-01 4.136692e-01 4.703112e-01 1.066855e-16 9.850000e-01 4.131195e-01 4.710139e-01
8.750000e-01 9.800000e-01 3.934144e-01 5.527763e-01 8.700000e-01 9.850000e-01 3.933687e-01 5.527166e-01
8.800000e-01 9.750000e-01 3.935484e-01 5.528268e-01 8.750000e-01 9.800000e-01 3.934144e-01 5.527763e-01
1.066855e-16 9.850000e-01 4.131195e-01 4.710139e-01 5.000000e-03 9.900000e-01 4.125983e-01 4.718093e-01
5.000000e-03 9.900000e-01 4.125983e-01 4.718093e-01 1.000000e-02 9.950000e-01 4.119911e-01 4.726355e-01
8.650000e-01 9.900000e-01 3.933303e-01 5.527341e-01 8.600000e-01 9.950000e-01 3.933796e-01 5.527465e-01
8.700000e-01 9.850000e-01 3.933687e-01 5.527166e-01 8.650000e-01 9.900000e-01 3.933303e-01 5.527341e-01
1.000000e-02 9.950000e-01 4.119911e-01 4.726355e-01 1.500000e-02 1.000000e+00 4.114168e-01 4.735529e-01
1.500000e-02 1.000000e+00 4.114168e-01 4.735529e-01 2.000000e-02 1.005000e+00 4.107600e-01 4.745055e-01
8.550000e-01 1.000000e+00 3.934319e-01 5.528376e-01 8.500000e-01 1.005000e+00 3.935710e-01 5.529280e-01
8.600000e-01 9.950000e-01 3.933796e-01 5.527465e-01 8.550000e-01 1.000000e+00 3.934319e-01 5.528376e-01
2.000000e-02 1.005000e+00 4.107600e-01 4.745055e-01 2.500000e-02 1.010000e+00 4.101404e-01 4.755478e-01
2.500000e-02 1.010000e+00 4.101404e-01 4.755478e-01 3.000000e-02 1.015000e+00 4.094420e-01 4.766293e-01
8.450000e-01 1.010000e+00 3.937087e-01 5.530984e-01 8.400000e-01 1.015000e+00 3.939320e-01 5.532723e-01
8.500000e-01 1.005000e+00 3.935710e-01 5.529280e-01 8.450000e-01 1.010000e+00 3.937087e-01 5.530984e-01
3.000000e-02 1.015000e+00 4.094420e-01 4.766293e-01 3.500000e-02 1.020000e+00 4.087848e-01 4.777985e-01
3.500000e-02 1.020000e+00 4.087848e-01 4.777985e-01 4.000000e-02 1.025000e+00 4.080529e-01 4.790108e-01
8.350000e-01 1.020000e+00 3.941496e-01 5.535273e-01 8.300000e-01 1.025000e+00 3.944511e-01 5.537900e-01
8.400000e-01 1.015000e+00 3.939320e-01 5.532723e-01 8.350000e-01 1.020000e+00 3.941496e-01 5.535273e-01
4.000000e-02 1.025000e+00 4.080529e-01 4.790108e-01 4.500000e-02 1.030000e+00 4.073658e-01 4.803087e-01
4.500000e-02 1.030000e+00 4.073658e-01 4.803087e-01 5.500000e-02 1.030000e+00 4.093713e-01 4.767877e-01
5.500000e-02 1.030000e+00 4.093713e-01 4.767877e-01 6.000000e-02 1.035000e+00 4.085447e-01 4.781819e-01
8.250000e-01 1.030000e+00 3.947427e-01 5.541345e-01 8.200000e-01 1.035000e+00 3.951162e-01 5.544909e-01
8.300000e-01 1.025000e+00 3.944511e-01 5.537900e-01 8.250000e-01 1.030000e+00 3.947427e-01 5.541345e-01
6.000000e-02 1.035000e+00 4.085447e-01 4.781819e-01 6.500000e-02 1.040000e+00 4.077694e-01 4.796592e-01
6.500000e-02 1.040000e+00 4.077694e-01 4.796592e-01 7.000000e-02 1.045000e+00 4.069297e-01 4.811895e-01
8.150000e-01 1.040000e+00 3.954757e-01 5.549295e-01 8.100000e-01 1.045000e+00 3.959149e-01 5.553841e-01
8.200000e-01 1.035000e+00 3.951162e-01 5.544909e-01 8.150000e-01 1.040000e+00 3.954757e-01 5.549295e-01
7.000000e-02 1.045000e+00 4.069297e-01 4.811895e-01 7.500000e-02 1.050000e+00 4.061443e-01 4.828002e-01
7.500000e-02 1.050000e+00 4.061443e-01 4.828002e-01 8.000000e-02 1.055000e+00 4.052994e-01 4.844665e-01
8.050000e-01 1.050000e+00 3.963358e-01 5.559211e-01 8.000000e-01 1.055000e+00 3.968339e-01 5.564782e-01
8.100000e-01 1.045000e+00 3.959149e-01 5.553841e-01 8.050000e-01 1.050000e+00 3.963358e-01 5.559211e-01
8.000000e-02 1.055000e+00 4.052994e-01 4.844665e-01 8.500000e-02 1.060000e+00 4.045115e-01 4.862100e-01
8.500000e-02 1.060000e+00 4.045115e-01 4.862100e-01 9.500000e-02 1.060000e+00 4.059834e-01 4.830524e-01
9.500000e-02 1.060000e+00 4.059834e-01 4.830524e-01 1.000000e-01 1.065000e+00 4.050883e-01 4.849152e-01
7.950000e-01 1.060000e+00 3.973099e-01 5.571174e-01 7.900000e-01 1.065000e+00 3.978601e-01 5.577807e-01
8.000000e-01 1.055000e+00 3.968339e-01 5.564782e-01 7.950000e-01 1.060000e+00 3.973099e-01 5.571174e-01
1.000000e-01 1.065000e+00 4.050883e-01 4.849152e-01 1.050000e-01 1.070000e+00 4.042553e-01 4.868513e-01
1.050000e-01 1.070000e+00 4.042553e-01 4.868513e-01 1.100000e-01 1.075000e+00 4.033750e-01 4.888505e-01
7.850000e-01 1.070000e+00 3.983844e-01 5.585255e-01 7.800000e-01 1.075000e+00 3.989799e-01 5.592981e-01
7.900000e-01 1.065000e+00 3.978601e-01 5.577807e-01 7.850000e-01 1.070000e+00 3.983844e-01 5.585255e-01
1.100000e-01 1.075000e+00 4.033750e-01 4.888505e-01 1.150000e-01 1.080000e+00 4.025586e-01 4.909196e-01
1.150000e-01 1.080000e+00 4.025586e-01 4.909196e-01 1.250000e-01 1.080000e+00 4.036897e-01 4.880708e-01
1.250000e-01 1.080000e+00 4.036897e-01 4.880708e-01 1.300000e-01 1.085000e+00 4.027917e-01 4.902715e-01
7.750000e-01 1.080000e+00 3.995458e-01 5.601517e-01 7.700000e-01 1.085000e+00 4.001796e-01 5.610365e-01
7.800000e-01 1.075000e+00 3.989799e-01 5.592981e-01 7.750000e-01 1.080000e+00 3.995458e-01 5.601517e-01
1.300000e-01 1.085000e+00 4.027917e-01 4.902715e-01 1.350000e-01 1.090000e+00 4.019615e-01 4.925376e-01
1.350000e-01 1.090000e+00 4.019615e-01 4.925376e-01 1.400000e-01 1.095000e+00 4.010970e-01 4.948718e-01
7.550000e-01 1.090000e+00 3.982063e-01 5.580969e-01 7.500000e-01 1.095000e+00 3.989348e-01 5.591340e-01
7.550000e-01 1.090000e+00 3.982063e-01 5.580969e-01 7.650000e-01 1.090000e+00 4.007802e-01 5.620013e-01
7.700000e-01 1.085000e+00 4.001796e-01 5.610365e-01 7.650000e-01 1.090000e+00 4.007802e-01 5.620013e-01
1.400000e-01 1.095000e+00 4.010970e-01 4.948718e-01 1.450000e-01 1.100000e+00 4.003012e-01 4.972677e-01
1.450000e-01 1.100000e+00 4.003012e-01 4.972677e-01 1.550000e-01 1.100000e+00 4.011560e-01 4.947628e-01
1.550000e-01 1.100000e+00 4.011560e-01 4.947628e-01 1.600000e-01 1.105000e+00 4.003055e-01 4.972985e-01
7.450000e-01 1.100000e+00 3.996242e-01 5.602503e-01 7.400000e-01 1.105000e+00 4.003732e-01 5.614071e-01
7.500000e-01 1.095000e+00 3.989348e-01 5.591340e-01 7.450000e-01 1.100000e+00 3.996242e-01 5.602503e-01
1.600000e-01 1.105000e+00 4.003055e-01 4.972985e-01 1.650000e-01 1.110000e+00 3.995259e-01 4.998907e-01
1.650000e-01 1.110000e+00 3.995259e-01 4.998907e-01 1.750000e-01 1.110000e+00 4.002055e-01 4.976102e-01
1.750000e-01 1.110000e+00 4.002055e-01 4.976102e-01 1.800000e-01 1.115000e+00 3.993880e-01 5.003463e-01
7.250000e-01 1.110000e+00 3.988812e-01 5.589173e-01 7.200000e-01 1.115000e+00 3.996976e-01 5.602413e-01
7.250000e-01 1.110000e+00 3.988812e-01 5.589173e-01 7.350000e-01 1.110000e+00 4.010801e-01 5.626414e-01
7.400000e-01 1.105000e+00 4.003732e-01 5.614071e-01 7.350000e-01 1.110000e+00 4.010801e-01 5.626414e-01
1.800000e-01 1.115000e+00 3.993880e-01 5.003463e-01 1.850000e-01 1.120000e+00 3.986432e-01 5.031336e-01
1.850000e-01 1.120000e+00 3.986432e-01 5.031336e-01 1.950000e-01 1.120000e+00 3.991736e-01 5.010884e-01
1.950000e-01 1.120000e+00 3.991736e-01 5.010884e-01 2.000000e-01 1.125000e+00 3.984077e-01 5.040220e-01
7.150000e-01 1.120000e+00 4.004666e-01 5.616410e-01 7.100000e-01 1.125000e+00 4.012853e-01 5.630893e-01
7.200000e-01 1.115000e+00 3.996976e-01 5.602413e-01 7.150000e-01 1.120000e+00 4.004666e-01 5.616410e-01
2.000000e-01 1.125000e+00 3.984077e-01 5.040220e-01 2.050000e-01 1.130000e+00 3.977153e-01 5.070013e-01
2.050000e-01 1.130000e+00 3.977153e-01 5.070013e-01 2.150000e-01 1.130000e+00 3.981234e-01 5.051998e-01
2.150000e-01 1.130000e+00 3.981234e-01 5.051998e-01 2.200000e-01 1.135000e+00 3.974266e-01 5.083262e-01
6.950000e-01 1.130000e+00 4.001851e-01 5.611135e-01 6.900000e-01 1.135000e+00 4.010426e-01 5.627397e-01
6.950000e-01 1.130000e+00 4.001851e-01 5.611135e-01 7.050000e-01 1.130000e+00 4.020541e-01 5.646111e-01
7.100000e-01 1.125000e+00 4.012853e-01 5.630893e-01 7.050000e-01 1.130000e+00 4.020541e-01 5.646111e-01
2.200000e-01 1.135000e+00 3.974266e-01 5.083262e-01 2.250000e-01 1.140000e+00 3.968032e-01 5.114930e-01
2.250000e-01 1.140000e+00 3.968032e-01 5.114930e-01 2.350000e-01 1.140000e+00 3.971164e-01 5.099409e-01
2.350000e-01 1.140000e+00 3.971164e-01 5.099409e-01 2.450000e-01 1.140000e+00 3.973384e-01 5.084953e-01
2.450000e-01 1.140000e+00 3.973384e-01 5.084953e-01 2.500000e-01 1.145000e+00 3.967384e-01 5.118823e-01
6.650000e-01 1.140000e+00 3.986438e-01 5.577934e-01 6.600000e-01 1.145000e+00 3.995561e-01 5.596628e-01
6.650000e-01 1.140000e+00 3.986438e-01 5.577934e-01 6.750000e-01 1.140000e+00 4.001838e-01 5.610906e-01
6.750000e-01 1.140000e+00 4.001838e-01 5.610906e-01 6.850000e-01 1.140000e+00 4.018457e-01 5.644367e-01
6.900000e-01 1.135000e+00 4.010426e-01 5.627397e-01 6.850000e-01 1.140000e+00 4.018457e-01 5.644367e-01
2.500000e-01 1.145000e+00 3.967384e-01 5.118823e-01 2.550000e-01 1.150000e+00 3.962115e-01 5.153023e-01
2.550000e-01 1.150000e+00 3.962115e-01 5.153023e-01 2.650000e-01 1.150000e+00 3.963774e-01 5.141132e-01
2.650000e-01 1.150000e+00 3.963774e-01 5.141132e-01 2.700000e-01 1.155000e+00 3.958853e-01 5.176776e-01
6.450000e-01 1.150000e+00 3.990493e-01 5.584778e-01 6.400000e-01 1.155000e+00 3.999570e-01 5.605381e-01
6.450000e-01 1.150000e+00 3.990493e-01 5.584778e-01 6.550000e-01 1.150000e+00 4.004080e-01 5.615992e-01
6.600000e-01 1.145000e+00 3.995561e-01 5.596628e-01 6.550000e-01 1.150000e+00 4.004080e-01 5.615992e-01
2.700000e-01 1.155000e+00 3.958853e-01 5.176776e-01 2.750000e-01 1.160000e+00 3.954644e-01 5.212697e-01
2.750000e-01 1.160000e+00 3.954644e-01 5.212697e-01 2.850000e-01 1.160000e+00 3.956012e-01 5.203364e-01
2.850000e-01 1.160000e+00 3.956012e-01 5.203364e-01 2.950000e-01 1.160000e+00 3.956754e-01 5.195187e-01
2.950000e-01 1.160000e+00 3.956754e-01 5.195187e-01 3.050000e-01 1.160000e+00 3.956918e-01 5.188189e-01
3.050000e-01 1.160000e+00 3.956918e-01 5.188189e-01 3.100000e-01 1.165000e+00 3.953838e-01 5.226900e-01
6.150000e-01 1.160000e+00 3.985089e-01 5.568662e-01 6.100000e-01 1.165000e+00 3.994096e-01 5.591861e-01
6.150000e-01 1.160000e+00 3.985089e-01 5.568662e-01 6.250000e-01 1.160000e+00 3.996019e-01 5.597296e-01
6.250000e-01 1.160000e+00 3.996019e-01 5.597296e-01 6.350000e-01 1.160000e+00 4.008012e-01 5.626613e-01
6.400000e-01 1.155000e+00 3.999570e-01 5.605381e-01 6.350000e-01 1.160000e+00 4.008012e-01 5.626613e-01
3.100000e-01 1.165000e+00 3.953838e-01 5.226900e-01 3.150000e-01 1.170000e+00 3.951436e-01 5.265803e-01
3.150000e-01 1.170000e+00 3.951436e-01 5.265803e-01 3.250000e-01 1.170000e+00 3.951811e-01 5.261351e-01
3.250000e-01 1.170000e+00 3.951811e-01 5.261351e-01 3.350000e-01 1.170000e+00 3.951783e-01 5.258100e-01
3.350000e-01 1.170000e+00 3.951783e-01 5.258100e-01 3.450000e-01 1.170000e+00 3.951406e-01 5.256061e-01
3.450000e-01 1.170000e+00 3.951406e-01 5.256061e-01 3.500000e-01 1.175000e+00 3.950663e-01 5.297570e-01
5.750000e-01 1.170000e+00 3.976287e-01 5.538385e-01 5.700000e-01 1.175000e+00 3.984876e-01 5.564936e-01
5.750000e-01 1.170000e+00 3.976287e-01 5.538385e-01 5.850000e-01 1.170000e+00 3.984073e-01 5.563324e-01
5.850000e-01 1.170000e+00 3.984073e-01 5.563324e-01 5.950000e-01 1.170000e+00 3.992777e-01 5.589086e-01
5.950000e-01 1.170000e+00 3.992777e-01 5.589086e-01 6.050000e-01 1.170000e+00 4.002430e-01 5.615635e-01
6.100000e-01 1.165000e+00 3.994096e-01 5.591861e-01 6.050000e-01 1.170000e+00 4.002430e-01 5.615635e-01
3.500000e-01 1.175000e+00 3.950663e-01 5.297570e-01 3.550000e-01 1.180000e+00 3.950543e-01 5.339194e-01
3.550000e-01 1.180000e+00 3.950543e-01 5.339194e-01 3.650000e-01 1.180000e+00 3.950854e-01 5.339609e-01
3.650000e-01 1.180000e+00 3.950854e-01 5.339609e-01 3.750000e-01 1.180000e+00 3.950991e-01 5.341229e-01
3.750000e-01 1.180000e+00 3.950991e-01 5.341229e-01 3.850000e-01 1.180000e+00 3.951007e-01 5.344056e-01
3.850000e-01 1.180000e+00 3.951007e-01 5.344056e-01 3.950000e-01 1.180000e+00 3.950959e-01 5.348092e-01
3.950000e-01 1.180000e+00 3.950959e-01 5.348092e-01 4.050000e-01 1.180000e+00 3.950903e-01 5.353336e-01
4.050000e-01 1.180000e+00 3.950903e-01 5.353336e-01 4.150000e-01 1.180000e+00 3.950895e-01 5.359784e-01
4.150000e-01 1.180000e+00 3.950895e-01 5.359784e-01 4.200000e-01 1.185000e+00 3.954765e-01 5.405343e-01
5.050000e-01 1.180000e+00 3.962008e-01 5.470308e-01 5.000000e-01 1.185000e+00 3.968954e-01 5.502435e-01
5.050000e-01 1.180000e+00 3.962008e-01 5.470308e-01 5.150000e-01 1.180000e+00 3.965444e-01 5.488118e-01
5.150000e-01 1.180000e+00 3.965444e-01 5.488118e-01 5.250000e-01 1.180000e+00 3.969499e-01 5.506954e-01
5.250000e-01 1.180000e+00 3.969499e-01 5.506954e-01 5.350000e-01 1.180000e+00 3.974217e-01 5.526788e-01
5.350000e-01 1.180000e+00 3.974217e-01 5.526788e-01 5.450000e-01 1.180000e+00 3.979639e-01 5.547590e-01
5.450000e-01 1.180000e+00 3.979639e-01 5.547590e-01 5.550000e-01 1.180000e+00 3.985805e-01 5.569333e-01
5.550000e-01 1.180000e+00 3.985805e-01 5.569333e-01 5.650000e-01 1.180000e+00 3.992754e-01 5.591984e-01
5.700000e-01 1.175000e+00 3.984876e-01 5.564936e-01 5.650000e-01 1.180000e+00 3.992754e-01 5.591984e-01
4.200000e-01 1.185000e+00 3.954765e-01 5.405343e-01 4.250000e-01 1.190000e+00 3.959131e-01 5.450915e-01
4.250000e-01 1.190000e+00 3.959131e-01 5.450915e-01 4.350000e-01 1.190000e+00 3.960555e-01 5.459533e-01
4.350000e-01 1.190000e+00 3.960555e-01 5.459533e-01 4.450000e-01 1.190000e+00 3.962183e-01 5.469303e-01
4.450000e-01 1.190000e+00 3.962183e-01 5.469303e-01 4.550000e-01 1.190000e+00 3.964066e-01 5.480210e-01
4.550000e-01 1.190000e+00 3.964066e-01 5.480210e-01 4.650000e-01 1.190000e+00 3.966257e-01 5.492241e-01
4.650000e-01 1.190000e+00 3.966257e-01 5.492241e-01 4.750000e-01 1.190000e+00 3.968805e-01 5.505382e-01
4.750000e-01 1.190000e+00 3.968805e-01 5.505382e-01 4.850000e-01 1.190000e+00 3.971761e-01 5.519614e-01
4.850000e-01 1.190000e+00 3.971761e-01 5.519614e-01 4.950000e-01 1.190000e+00 3.975173e-01 5.534918e-01
5.000000e-01 1.185000e+00 3.968954e-01 5.502435e-01 4.950000e-01 1.190000e+00 3.975173e-01 5.534918e-01
