2.350000e-01 -1.800000e-01 3.452289e-01 5.052571e-01 2.300000e-01 -1.750000e-01 3.458582e-01 5.085645e-01
2.350000e-01 -1.800000e-01 3.452289e-01 5.052571e-01 2.450000e-01 -1.800000e-01 3.455644e-01 5.068014e-01
2.450000e-01 -1.800000e-01 3.455644e-01 5.068014e-01 2.550000e-01 -1.800000e-01 3.458521e-01 5.082412e-01
2.550000e-01 -1.800000e-01 3.458521e-01 5.082412e-01 2.650000e-01 -1.800000e-01 3.460963e-01 5.095747e-01
2.650000e-01 -1.800000e-01 3.460963e-01 5.095747e-01 2.750000e-01 -1.800000e-01 3.463014e-01 5.108001e-01
2.750000e-01 -1.800000e-01 3.463014e-01 5.108001e-01 2.850000e-01 -1.800000e-01 3.464721e-01 5.119159e-01
2.850000e-01 -1.800000e-01 3.464721e-01 5.119159e-01 2.950000e-01 -1.800000e-01 3.466130e-01 5.129207e-01
2.950000e-01 -1.800000e-01 3.466130e-01 5.129207e-01 3.050000e-01 -1.800000e-01 3.467287e-01 5.138131e-01
3.050000e-01 -1.800000e-01 3.467287e-01 5.138131e-01 3.150000e-01 -1.800000e-01 3.468242e-01 5.145922e-01
3.150000e-01 -1.800000e-01 3.468242e-01 5.145922e-01 3.250000e-01 -1.800000e-01 3.469043e-01 5.152571e-01
3.250000e-01 -1.800000e-01 3.469043e-01 5.152571e-01 3.350000e-01 -1.800000e-01 3.469738e-01 5.158071e-01
3.350000e-01 -1.800000e-01 3.469738e-01 5.158071e-01 3.450000e-01 -1.800000e-01 3.470377e-01 5.162416e-01
3.450000e-01 -1.800000e-01 3.470377e-01 5.162416e-01 3.550000e-01 -1.800000e-01 3.471010e-01 5.165605e-01
3.550000e-01 -1.800000e-01 3.471010e-01 5.165605e-01 3.600000e-01 -1.750000e-01 3.472363e-01 5.209397e-01
1.750000e-01 -1.700000e-01 3.441771e-01 5.019205e-01 1.700000e-01 -1.650000e-01 3.449610e-01 5.047671e-01
1.750000e-01 -1.700000e-01 3.441771e-01 5.019205e-01 1.850000e-01 -1.700000e-01 3.447936e-01 5.040934e-01
1.850000e-01 -1.700000e-01 3.447936e-01 5.040934e-01 1.950000e-01 -1.700000e-01 3.453364e-01 5.061742e-01
1.950000e-01 -1.700000e-01 3.453364e-01 5.061742e-01 2.050000e-01 -1.700000e-01 3.458090e-01 5.081603e-01
2.050000e-01 -1.700000e-01 3.458090e-01 5.081603e-01 2.150000e-01 -1.700000e-01 3.462151e-01 5.100489e-01
2.150000e-01 -1.700000e-01 3.462151e-01 5.100489e-01 2.250000e-01 -1.700000e-01 3.465587e-01 5.118377e-01
2.300000e-01 -1.750000e-01 3.458582e-01 5.085645e-01 2.250000e-01 -1.700000e-01 3.465587e-01 5.118377e-01
3.600000e-01 -1.750000e-01 3.472363e-01 5.209397e-01 3.650000e-01 -1.700000e-01 3.473152e-01 5.253125e-01
3.650000e-01 -1.700000e-01 3.473152e-01 5.253125e-01 3.750000e-01 -1.700000e-01 3.472748e-01 5.254013e-01
3.750000e-01 -1.700000e-01 3.472748e-01 5.254013e-01 3.850000e-01 -1.700000e-01 3.472490e-01 5.253717e-01
3.850000e-01 -1.700000e-01 3.472490e-01 5.253717e-01 3.950000e-01 -1.700000e-01 3.472426e-01 5.252242e-01
3.950000e-01 -1.700000e-01 3.472426e-01 5.252242e-01 4.050000e-01 -1.700000e-01 3.472608e-01 5.249595e-01
4.050000e-01 -1.700000e-01 3.472608e-01 5.249595e-01 4.150000e-01 -1.700000e-01 3.473085e-01 5.245783e-01
4.150000e-01 -1.700000e-01 3.473085e-01 5.245783e-01 4.200000e-01 -1.650000e-01 3.471014e-01 5.285856e-01
1.350000e-01 -1.600000e-01 3.434867e-01 5.001125e-01 1.300000e-01 -1.550000e-01 3.443307e-01 5.026362e-01
1.350000e-01 -1.600000e-01 3.434867e-01 5.001125e-01 1.450000e-01 -1.600000e-01 3.443513e-01 5.026798e-01
1.450000e-01 -1.600000e-01 3.443513e-01 5.026798e-01 1.550000e-01 -1.600000e-01 3.451266e-01 5.051660e-01
1.550000e-01 -1.600000e-01 3.451266e-01 5.051660e-01 1.650000e-01 -1.600000e-01 3.458153e-01 5.075677e-01
1.700000e-01 -1.650000e-01 3.449610e-01 5.047671e-01 1.650000e-01 -1.600000e-01 3.458153e-01 5.075677e-01
4.200000e-01 -1.650000e-01 3.471014e-01 5.285856e-01 4.250000e-01 -1.600000e-01 3.468293e-01 5.325768e-01
4.250000e-01 -1.600000e-01 3.468293e-01 5.325768e-01 4.350000e-01 -1.600000e-01 3.468356e-01 5.319497e-01
4.350000e-01 -1.600000e-01 3.468356e-01 5.319497e-01 4.450000e-01 -1.600000e-01 3.468872e-01 5.312072e-01
4.450000e-01 -1.600000e-01 3.468872e-01 5.312072e-01 4.550000e-01 -1.600000e-01 3.469887e-01 5.303510e-01
4.550000e-01 -1.600000e-01 3.469887e-01 5.303510e-01 4.600000e-01 -1.550000e-01 3.465828e-01 5.340738e-01
9.500000e-02 -1.500000e-01 3.420054e-01 4.965558e-01 9.000000e-02 -1.450000e-01 3.428551e-01 4.987637e-01
9.500000e-02 -1.500000e-01 3.420054e-01 4.965558e-01 1.050000e-01 -1.500000e-01 3.431862e-01 4.994756e-01
1.050000e-01 -1.500000e-01 3.431862e-01 4.994756e-01 1.150000e-01 -1.500000e-01 3.442645e-01 5.023270e-01
1.150000e-01 -1.500000e-01 3.442645e-01 5.023270e-01 1.250000e-01 -1.500000e-01 3.452425e-01 5.051064e-01
1.300000e-01 -1.550000e-01 3.443307e-01 5.026362e-01 1.250000e-01 -1.500000e-01 3.452425e-01 5.051064e-01
4.600000e-01 -1.550000e-01 3.465828e-01 5.340738e-01 4.650000e-01 -1.500000e-01 3.461079e-01 5.377725e-01
4.650000e-01 -1.500000e-01 3.461079e-01 5.377725e-01 4.750000e-01 -1.500000e-01 3.462128e-01 5.366661e-01
4.750000e-01 -1.500000e-01 3.462128e-01 5.366661e-01 4.850000e-01 -1.500000e-01 3.463833e-01 5.354495e-01
4.850000e-01 -1.500000e-01 3.463833e-01 5.354495e-01 4.950000e-01 -1.500000e-01 3.466234e-01 5.341251e-01
4.950000e-01 -1.500000e-01 3.466234e-01 5.341251e-01 5.000000e-01 -1.450000e-01 3.460657e-01 5.375433e-01
7.500000e-02 -1.400000e-01 3.424366e-01 4.978019e-01 7.000000e-02 -1.350000e-01 3.432990e-01 4.998259e-01
7.500000e-02 -1.400000e-01 3.424366e-01 4.978019e-01 8.500000e-02 -1.400000e-01 3.437678e-01 5.009112e-01
9.000000e-02 -1.450000e-01 3.428551e-01 4.987637e-01 8.500000e-02 -1.400000e-01 3.437678e-01 5.009112e-01
5.000000e-01 -1.450000e-01 3.460657e-01 5.375433e-01 5.050000e-01 -1.400000e-01 3.454371e-01 5.409288e-01
5.050000e-01 -1.400000e-01 3.454371e-01 5.409288e-01 5.150000e-01 -1.400000e-01 3.457264e-01 5.393575e-01
5.150000e-01 -1.400000e-01 3.457264e-01 5.393575e-01 5.250000e-01 -1.400000e-01 3.461001e-01 5.376844e-01
5.250000e-01 -1.400000e-01 3.461001e-01 5.376844e-01 5.300000e-01 -1.350000e-01 3.454450e-01 5.408560e-01
4.500000e-02 -1.300000e-01 3.411011e-01 4.951619e-01 4.000000e-02 -1.250000e-01 3.419248e-01 4.969479e-01
4.500000e-02 -1.300000e-01 3.411011e-01 4.951619e-01 5.500000e-02 -1.300000e-01 3.427199e-01 4.984992e-01
5.500000e-02 -1.300000e-01 3.427199e-01 4.984992e-01 6.500000e-02 -1.300000e-01 3.442218e-01 5.017858e-01
7.000000e-02 -1.350000e-01 3.432990e-01 4.998259e-01 6.500000e-02 -1.300000e-01 3.442218e-01 5.017858e-01
5.300000e-01 -1.350000e-01 3.454450e-01 5.408560e-01 5.350000e-01 -1.300000e-01 3.447186e-01 5.439883e-01
5.350000e-01 -1.300000e-01 3.447186e-01 5.439883e-01 5.450000e-01 -1.300000e-01 3.451762e-01 5.420743e-01
5.450000e-01 -1.300000e-01 3.451762e-01 5.420743e-01 5.500000e-01 -1.250000e-01 3.444501e-01 5.450634e-01
2.500000e-02 -1.200000e-01 3.409902e-01 4.951728e-01 2.000000e-02 -1.150000e-01 3.417883e-01 4.967839e-01
2.500000e-02 -1.200000e-01 3.409902e-01 4.951728e-01 3.500000e-02 -1.200000e-01 3.428037e-01 4.986657e-01
4.000000e-02 -1.250000e-01 3.419248e-01 4.969479e-01 3.500000e-02 -1.200000e-01 3.428037e-01 4.986657e-01
5.500000e-01 -1.250000e-01 3.444501e-01 5.450634e-01 5.550000e-01 -1.200000e-01 3.436524e-01 5.480082e-01
5.550000e-01 -1.200000e-01 3.436524e-01 5.480082e-01 5.650000e-01 -1.200000e-01 3.442187e-01 5.458581e-01
5.650000e-01 -1.200000e-01 3.442187e-01 5.458581e-01 5.700000e-01 -1.150000e-01 3.434363e-01 5.486602e-01
5.000000e-03 -1.100000e-01 3.406131e-01 4.946910e-01 1.066855e-16 -1.050000e-01 3.413699e-01 4.961325e-01
5.000000e-03 -1.100000e-01 3.406131e-01 4.946910e-01 1.500000e-02 -1.100000e-01 3.426377e-01 4.983239e-01
2.000000e-02 -1.150000e-01 3.417883e-01 4.967839e-01 1.500000e-02 -1.100000e-01 3.426377e-01 4.983239e-01
5.700000e-01 -1.150000e-01 3.434363e-01 5.486602e-01 5.750000e-01 -1.100000e-01 3.425829e-01 5.514128e-01
5.750000e-01 -1.100000e-01 3.425829e-01 5.514128e-01 5.850000e-01 -1.100000e-01 3.432821e-01 5.490337e-01
5.850000e-01 -1.100000e-01 3.432821e-01 5.490337e-01 5.950000e-01 -1.100000e-01 3.440969e-01 5.465727e-01
5.950000e-01 -1.100000e-01 3.440969e-01 5.465727e-01 6.000000e-01 -1.050000e-01 3.432939e-01 5.491162e-01
-5.000000e-03 -1.000000e-01 3.421737e-01 4.975006e-01 -1.000000e-02 -9.500000e-02 3.429264e-01 4.988227e-01
1.066855e-16 -1.050000e-01 3.413699e-01 4.961325e-01 -5.000000e-03 -1.000000e-01 3.421737e-01 4.975006e-01
6.000000e-01 -1.050000e-01 3.432939e-01 5.491162e-01 6.050000e-01 -1.000000e-01 3.424227e-01 5.516039e-01
6.050000e-01 -1.000000e-01 3.424227e-01 5.516039e-01 6.150000e-01 -1.000000e-01 3.434021e-01 5.489303e-01
6.150000e-01 -1.000000e-01 3.434021e-01 5.489303e-01 6.200000e-01 -9.500000e-02 3.425825e-01 5.512839e-01
-2.500000e-02 -9.000000e-02 3.413660e-01 4.962263e-01 -3.000000e-02 -8.500000e-02 3.420524e-01 4.973886e-01
-2.500000e-02 -9.000000e-02 3.413660e-01 4.962263e-01 -1.500000e-02 -9.000000e-02 3.437238e-01 5.000694e-01
-1.000000e-02 -9.500000e-02 3.429264e-01 4.988227e-01 -1.500000e-02 -9.000000e-02 3.437238e-01 5.000694e-01
6.200000e-01 -9.500000e-02 3.425825e-01 5.512839e-01 6.250000e-01 -9.000000e-02 3.416970e-01 5.535769e-01
6.250000e-01 -9.000000e-02 3.416970e-01 5.535769e-01 6.300000e-01 -8.500000e-02 3.408432e-01 5.558045e-01
-3.500000e-02 -8.000000e-02 3.427784e-01 4.984739e-01 -4.000000e-02 -7.500000e-02 3.434447e-01 4.995209e-01
-3.000000e-02 -8.500000e-02 3.420524e-01 4.973886e-01 -3.500000e-02 -8.000000e-02 3.427784e-01 4.984739e-01
6.300000e-01 -8.500000e-02 3.408432e-01 5.558045e-01 6.350000e-01 -8.000000e-02 3.399245e-01 5.579682e-01
6.350000e-01 -8.000000e-02 3.399245e-01 5.579682e-01 6.450000e-01 -8.000000e-02 3.411612e-01 5.549663e-01
6.450000e-01 -8.000000e-02 3.411612e-01 5.549663e-01 6.500000e-01 -7.500000e-02 3.403179e-01 5.570032e-01
-5.500000e-02 -7.000000e-02 3.414181e-01 4.964796e-01 -6.000000e-02 -6.500000e-02 3.419942e-01 4.973801e-01
-5.500000e-02 -7.000000e-02 3.414181e-01 4.964796e-01 -4.500000e-02 -7.000000e-02 3.441477e-01 5.004894e-01
-4.000000e-02 -7.500000e-02 3.434447e-01 4.995209e-01 -4.500000e-02 -7.000000e-02 3.441477e-01 5.004894e-01
6.500000e-01 -7.500000e-02 3.403179e-01 5.570032e-01 6.550000e-01 -7.000000e-02 3.394129e-01 5.589721e-01
6.550000e-01 -7.000000e-02 3.394129e-01 5.589721e-01 6.650000e-01 -7.000000e-02 3.408707e-01 5.557908e-01
6.650000e-01 -7.000000e-02 3.408707e-01 5.557908e-01 6.700000e-01 -6.500000e-02 3.400550e-01 5.576403e-01
-6.500000e-02 -6.000000e-02 3.426015e-01 4.982014e-01 -7.000000e-02 -5.500000e-02 3.431418e-01 4.989931e-01
-6.000000e-02 -6.500000e-02 3.419942e-01 4.973801e-01 -6.500000e-02 -6.000000e-02 3.426015e-01 4.982014e-01
6.700000e-01 -6.500000e-02 3.400550e-01 5.576403e-01 6.750000e-01 -6.000000e-02 3.391817e-01 5.594178e-01
6.750000e-01 -6.000000e-02 3.391817e-01 5.594178e-01 6.800000e-01 -5.500000e-02 3.383586e-01 5.611387e-01
-7.500000e-02 -5.000000e-02 3.437100e-01 4.997047e-01 -8.000000e-02 -4.500000e-02 3.442085e-01 5.003900e-01
-7.000000e-02 -5.500000e-02 3.431418e-01 4.989931e-01 -7.500000e-02 -5.000000e-02 3.437100e-01 4.997047e-01
6.800000e-01 -5.500000e-02 3.383586e-01 5.611387e-01 6.850000e-01 -5.000000e-02 3.374799e-01 5.627847e-01
6.850000e-01 -5.000000e-02 3.374799e-01 5.627847e-01 6.950000e-01 -5.000000e-02 3.392835e-01 5.593326e-01
6.950000e-01 -5.000000e-02 3.392835e-01 5.593326e-01 7.000000e-01 -4.500000e-02 3.385158e-01 5.608723e-01
-9.500000e-02 -4.000000e-02 3.414564e-01 4.968186e-01 -1.000000e-01 -3.500000e-02 3.418341e-01 4.973800e-01
-9.500000e-02 -4.000000e-02 3.414564e-01 4.968186e-01 -8.500000e-02 -4.000000e-02 3.447313e-01 5.009944e-01
-8.000000e-02 -4.500000e-02 3.442085e-01 5.003900e-01 -8.500000e-02 -4.000000e-02 3.447313e-01 5.009944e-01
7.000000e-01 -4.500000e-02 3.385158e-01 5.608723e-01 7.050000e-01 -4.000000e-02 3.376976e-01 5.623341e-01
7.050000e-01 -4.000000e-02 3.376976e-01 5.623341e-01 7.100000e-01 -3.500000e-02 3.369398e-01 5.637467e-01
-1.050000e-01 -3.000000e-02 3.422304e-01 4.978612e-01 -1.100000e-01 -2.500000e-02 3.425518e-01 4.983258e-01
-1.000000e-01 -3.500000e-02 3.418341e-01 4.973800e-01 -1.050000e-01 -3.000000e-02 3.422304e-01 4.978612e-01
7.100000e-01 -3.500000e-02 3.369398e-01 5.637467e-01 7.150000e-01 -3.000000e-02 3.361342e-01 5.650789e-01
7.150000e-01 -3.000000e-02 3.361342e-01 5.650789e-01 7.200000e-01 -2.500000e-02 3.353932e-01 5.663646e-01
-1.150000e-01 -2.000000e-02 3.428880e-01 4.987101e-01 -1.200000e-01 -1.500000e-02 3.431473e-01 4.990815e-01
-1.100000e-01 -2.500000e-02 3.425518e-01 4.983258e-01 -1.150000e-01 -2.000000e-02 3.428880e-01 4.987101e-01
7.200000e-01 -2.500000e-02 3.353932e-01 5.663646e-01 7.250000e-01 -2.000000e-02 3.346073e-01 5.675677e-01
7.250000e-01 -2.000000e-02 3.346073e-01 5.675677e-01 7.350000e-01 -2.000000e-02 3.369385e-01 5.638014e-01
7.350000e-01 -2.000000e-02 3.369385e-01 5.638014e-01 7.400000e-01 -1.500000e-02 3.362906e-01 5.649205e-01
-1.250000e-01 -1.000000e-02 3.434177e-01 4.993728e-01 -1.300000e-01 -5.000000e-03 3.436094e-01 4.996548e-01
-1.200000e-01 -1.500000e-02 3.431473e-01 4.990815e-01 -1.250000e-01 -1.000000e-02 3.434177e-01 4.993728e-01
7.400000e-01 -1.500000e-02 3.362906e-01 5.649205e-01 7.450000e-01 -1.000000e-02 3.356039e-01 5.659552e-01
7.450000e-01 -1.000000e-02 3.356039e-01 5.659552e-01 7.500000e-01 -5.000000e-03 3.349903e-01 5.669528e-01
-1.350000e-01 1.066855e-16 3.438084e-01 4.998572e-01 -1.400000e-01 5.000000e-03 3.439272e-01 5.000541e-01
-1.300000e-01 -5.000000e-03 3.436094e-01 4.996548e-01 -1.350000e-01 1.066855e-16 3.438084e-01 4.998572e-01
7.500000e-01 -5.000000e-03 3.349903e-01 5.669528e-01 7.550000e-01 1.066855e-16 3.343414e-01 5.678643e-01
7.550000e-01 1.066855e-16 3.343414e-01 5.678643e-01 7.600000e-01 5.000000e-03 3.337688e-01 5.687423e-01
-1.450000e-01 1.000000e-02 3.440494e-01 5.001721e-01 -1.500000e-01 1.500000e-02 3.440901e-01 5.002886e-01
-1.400000e-01 5.000000e-03 3.439272e-01 5.000541e-01 -1.450000e-01 1.000000e-02 3.440494e-01 5.001721e-01
7.600000e-01 5.000000e-03 3.337688e-01 5.687423e-01 7.650000e-01 1.000000e-02 3.331646e-01 5.695328e-01
7.650000e-01 1.000000e-02 3.331646e-01 5.695328e-01 7.700000e-01 1.500000e-02 3.326400e-01 5.702934e-01
-1.500000e-01 1.500000e-02 3.440901e-01 5.002886e-01 -1.500000e-01 2.500000e-02 3.483894e-01 5.046647e-01
7.700000e-01 1.500000e-02 3.326400e-01 5.702934e-01 7.750000e-01 2.000000e-02 3.320876e-01 5.709653e-01
7.750000e-01 2.000000e-02 3.320876e-01 5.709653e-01 7.800000e-01 2.500000e-02 3.316177e-01 5.716115e-01
-1.550000e-01 3.000000e-02 3.484274e-01 5.046245e-01 -1.600000e-01 3.500000e-02 3.483810e-01 5.045884e-01
-1.500000e-01 2.500000e-02 3.483894e-01 5.046647e-01 -1.550000e-01 3.000000e-02 3.484274e-01 5.046245e-01
7.800000e-01 2.500000e-02 3.316177e-01 5.716115e-01 7.850000e-01 3.000000e-02 3.311242e-01 5.721680e-01
7.850000e-01 3.000000e-02 3.311242e-01 5.721680e-01 7.900000e-01 3.500000e-02 3.307157e-01 5.727030e-01
-1.650000e-01 4.000000e-02 3.483284e-01 5.044749e-01 -1.700000e-01 4.500000e-02 3.481906e-01 5.043696e-01
-1.600000e-01 3.500000e-02 3.483810e-01 5.045884e-01 -1.650000e-01 4.000000e-02 3.483284e-01 5.044749e-01
7.900000e-01 3.500000e-02 3.307157e-01 5.727030e-01 7.950000e-01 4.000000e-02 3.302877e-01 5.731476e-01
7.950000e-01 4.000000e-02 3.302877e-01 5.731476e-01 8.000000e-01 4.500000e-02 3.299473e-01 5.735749e-01
-1.750000e-01 5.000000e-02 3.480428e-01 5.041886e-01 -1.800000e-01 5.500000e-02 3.478094e-01 5.040195e-01
-1.700000e-01 4.500000e-02 3.481906e-01 5.043696e-01 -1.750000e-01 5.000000e-02 3.480428e-01 5.041886e-01
8.000000e-01 4.500000e-02 3.299473e-01 5.735749e-01 8.050000e-01 5.000000e-02 3.295916e-01 5.739117e-01
8.050000e-01 5.000000e-02 3.295916e-01 5.739117e-01 8.100000e-01 5.500000e-02 3.293255e-01 5.742356e-01
-1.850000e-01 6.000000e-02 3.475623e-01 5.037766e-01 -1.900000e-01 6.500000e-02 3.472295e-01 5.035494e-01
-1.800000e-01 5.500000e-02 3.478094e-01 5.040195e-01 -1.850000e-01 6.000000e-02 3.475623e-01 5.037766e-01
8.100000e-01 5.500000e-02 3.293255e-01 5.742356e-01 8.150000e-01 6.000000e-02 3.290486e-01 5.744688e-01
8.150000e-01 6.000000e-02 3.290486e-01 5.744688e-01 8.200000e-01 6.500000e-02 3.288630e-01 5.746937e-01
-1.900000e-01 6.500000e-02 3.472295e-01 5.035494e-01 -1.900000e-01 7.500000e-02 3.514724e-01 5.071944e-01
8.200000e-01 6.500000e-02 3.288630e-01 5.746937e-01 8.250000e-01 7.000000e-02 3.286712e-01 5.748283e-01
8.250000e-01 7.000000e-02 3.286712e-01 5.748283e-01 8.300000e-01 7.500000e-02 3.285719e-01 5.749591e-01
-1.950000e-01 8.000000e-02 3.511020e-01 5.068236e-01 -2.000000e-01 8.500000e-02 3.506451e-01 5.064747e-01
-1.900000e-01 7.500000e-02 3.514724e-01 5.071944e-01 -1.950000e-01 8.000000e-02 3.511020e-01 5.068236e-01
8.300000e-01 7.500000e-02 3.285719e-01 5.749591e-01 8.350000e-01 8.000000e-02 3.284710e-01 5.750002e-01
8.350000e-01 8.000000e-02 3.284710e-01 5.750002e-01 8.400000e-01 8.500000e-02 3.284636e-01 5.750421e-01
-2.050000e-01 9.000000e-02 3.501645e-01 5.060565e-01 -2.100000e-01 9.500000e-02 3.495978e-01 5.056637e-01
-2.000000e-01 8.500000e-02 3.506451e-01 5.064747e-01 -2.050000e-01 9.000000e-02 3.501645e-01 5.060565e-01
8.400000e-01 8.500000e-02 3.284636e-01 5.750421e-01 8.450000e-01 9.000000e-02 3.284592e-01 5.749954e-01
8.450000e-01 9.000000e-02 3.284592e-01 5.749954e-01 8.500000e-01 9.500000e-02 3.285490e-01 5.749539e-01
-2.100000e-01 9.500000e-02 3.495978e-01 5.056637e-01 -2.100000e-01 1.050000e-01 3.537546e-01 5.089015e-01
8.500000e-01 9.500000e-02 3.285490e-01 5.749539e-01 8.550000e-01 1.000000e-01 3.286463e-01 5.748252e-01
8.550000e-01 1.000000e-01 3.286463e-01 5.748252e-01 8.600000e-01 1.050000e-01 3.288383e-01 5.747063e-01
-2.150000e-01 1.100000e-01 3.531313e-01 5.083760e-01 -2.200000e-01 1.150000e-01 3.524220e-01 5.078818e-01
-2.100000e-01 1.050000e-01 3.537546e-01 5.089015e-01 -2.150000e-01 1.100000e-01 3.531313e-01 5.083760e-01
8.600000e-01 1.050000e-01 3.288383e-01 5.747063e-01 8.650000e-01 1.100000e-01 3.290422e-01 5.745017e-01
8.650000e-01 1.100000e-01 3.290422e-01 5.745017e-01 8.700000e-01 1.150000e-01 3.293406e-01 5.743113e-01
-2.200000e-01 1.150000e-01 3.524220e-01 5.078818e-01 -2.200000e-01 1.250000e-01 3.565145e-01 5.108594e-01
8.700000e-01 1.150000e-01 3.293406e-01 5.743113e-01 8.700000e-01 1.250000e-01 3.251957e-01 5.779081e-01
-2.250000e-01 1.300000e-01 3.557368e-01 5.102397e-01 -2.300000e-01 1.350000e-01 3.548737e-01 5.096572e-01
-2.200000e-01 1.250000e-01 3.565145e-01 5.108594e-01 -2.250000e-01 1.300000e-01 3.557368e-01 5.102397e-01
8.700000e-01 1.250000e-01 3.251957e-01 5.779081e-01 8.750000e-01 1.300000e-01 3.255295e-01 5.775501e-01
8.750000e-01 1.300000e-01 3.255295e-01 5.775501e-01 8.800000e-01 1.350000e-01 3.259592e-01 5.772132e-01
-2.350000e-01 1.400000e-01 3.539721e-01 5.090156e-01 -2.400000e-01 1.450000e-01 3.529869e-01 5.084142e-01
-2.300000e-01 1.350000e-01 3.548737e-01 5.096572e-01 -2.350000e-01 1.400000e-01 3.539721e-01 5.090156e-01
8.800000e-01 1.350000e-01 3.259592e-01 5.772132e-01 8.850000e-01 1.400000e-01 3.264123e-01 5.767948e-01
8.850000e-01 1.400000e-01 3.264123e-01 5.767948e-01 8.900000e-01 1.450000e-01 3.269603e-01 5.764018e-01
-2.400000e-01 1.450000e-01 3.529869e-01 5.084142e-01 -2.400000e-01 1.550000e-01 3.569132e-01 5.110263e-01
8.900000e-01 1.450000e-01 3.269603e-01 5.764018e-01 8.950000e-01 1.500000e-01 3.275360e-01 5.759300e-01
8.950000e-01 1.500000e-01 3.275360e-01 5.759300e-01 9.000000e-01 1.550000e-01 3.282054e-01 5.754877e-01
-2.450000e-01 1.600000e-01 3.558426e-01 5.103152e-01 -2.500000e-01 1.650000e-01 3.546901e-01 5.096494e-01
-2.400000e-01 1.550000e-01 3.569132e-01 5.110263e-01 -2.450000e-01 1.600000e-01 3.558426e-01 5.103152e-01
9.000000e-01 1.550000e-01 3.282054e-01 5.754877e-01 9.000000e-01 1.650000e-01 3.242039e-01 5.784528e-01
-2.500000e-01 1.650000e-01 3.546901e-01 5.096494e-01 -2.500000e-01 1.750000e-01 3.585030e-01 5.120296e-01
9.000000e-01 1.650000e-01 3.242039e-01 5.784528e-01 9.050000e-01 1.700000e-01 3.249394e-01 5.778592e-01
9.050000e-01 1.700000e-01 3.249394e-01 5.778592e-01 9.100000e-01 1.750000e-01 3.257681e-01 5.773020e-01
-2.500000e-01 1.750000e-01 3.585030e-01 5.120296e-01 -2.500000e-01 1.850000e-01 3.622872e-01 5.142832e-01
9.100000e-01 1.750000e-01 3.257681e-01 5.773020e-01 9.150000e-01 1.800000e-01 3.266352e-01 5.766728e-01
9.150000e-01 1.800000e-01 3.266352e-01 5.766728e-01 9.200000e-01 1.850000e-01 3.275935e-01 5.760836e-01
-2.550000e-01 1.900000e-01 3.609880e-01 5.134709e-01 -2.600000e-01 1.950000e-01 3.596094e-01 5.127110e-01
-2.500000e-01 1.850000e-01 3.622872e-01 5.142832e-01 -2.550000e-01 1.900000e-01 3.609880e-01 5.134709e-01
9.200000e-01 1.850000e-01 3.275935e-01 5.760836e-01 9.200000e-01 1.950000e-01 3.237533e-01 5.786083e-01
-2.600000e-01 1.950000e-01 3.596094e-01 5.127110e-01 -2.600000e-01 2.050000e-01 3.632541e-01 5.147493e-01
9.200000e-01 1.950000e-01 3.237533e-01 5.786083e-01 9.250000e-01 2.000000e-01 3.247980e-01 5.778834e-01
9.250000e-01 2.000000e-01 3.247980e-01 5.778834e-01 9.300000e-01 2.050000e-01 3.259323e-01 5.772049e-01
-2.650000e-01 2.100000e-01 3.617663e-01 5.139051e-01 -2.700000e-01 2.150000e-01 3.602022e-01 5.131176e-01
-2.600000e-01 2.050000e-01 3.632541e-01 5.147493e-01 -2.650000e-01 2.100000e-01 3.617663e-01 5.139051e-01
9.300000e-01 2.050000e-01 3.259323e-01 5.772049e-01 9.350000e-01 2.100000e-01 3.271145e-01 5.764630e-01
9.350000e-01 2.100000e-01 3.271145e-01 5.764630e-01 9.400000e-01 2.150000e-01 3.283835e-01 5.757705e-01
-2.700000e-01 2.150000e-01 3.602022e-01 5.131176e-01 -2.700000e-01 2.250000e-01 3.636906e-01 5.149567e-01
9.400000e-01 2.150000e-01 3.283835e-01 5.757705e-01 9.400000e-01 2.250000e-01 3.247587e-01 5.778915e-01
-2.700000e-01 2.250000e-01 3.636906e-01 5.149567e-01 -2.700000e-01 2.350000e-01 3.671303e-01 5.166774e-01
9.400000e-01 2.250000e-01 3.247587e-01 5.778915e-01 9.450000e-01 2.300000e-01 3.261322e-01 5.770823e-01
9.450000e-01 2.300000e-01 3.261322e-01 5.770823e-01 9.500000e-01 2.350000e-01 3.275896e-01 5.763280e-01
-2.750000e-01 2.400000e-01 3.653873e-01 5.157857e-01 -2.800000e-01 2.450000e-01 3.635723e-01 5.149564e-01
-2.700000e-01 2.350000e-01 3.671303e-01 5.166774e-01 -2.750000e-01 2.400000e-01 3.653873e-01 5.157857e-01
9.500000e-01 2.350000e-01 3.275896e-01 5.763280e-01 9.500000e-01 2.450000e-01 3.241113e-01 5.781910e-01
-2.800000e-01 2.450000e-01 3.635723e-01 5.149564e-01 -2.800000e-01 2.550000e-01 3.668326e-01 5.165013e-01
9.500000e-01 2.450000e-01 3.241113e-01 5.781910e-01 9.550000e-01 2.500000e-01 3.256836e-01 5.773324e-01
9.550000e-01 2.500000e-01 3.256836e-01 5.773324e-01 9.600000e-01 2.550000e-01 3.273362e-01 5.765338e-01
-2.800000e-01 2.550000e-01 3.668326e-01 5.165013e-01 -2.800000e-01 2.650000e-01 3.700324e-01 5.179348e-01
9.600000e-01 2.550000e-01 3.273362e-01 5.765338e-01 9.600000e-01 2.650000e-01 3.240240e-01 5.781550e-01
-2.850000e-01 2.700000e-01 3.680230e-01 5.170289e-01 -2.900000e-01 2.750000e-01 3.659470e-01 5.161900e-01
-2.800000e-01 2.650000e-01 3.700324e-01 5.179348e-01 -2.850000e-01 2.700000e-01 3.680230e-01 5.170289e-01
9.600000e-01 2.650000e-01 3.240240e-01 5.781550e-01 9.650000e-01 2.700000e-01 3.258010e-01 5.772655e-01
9.650000e-01 2.700000e-01 3.258010e-01 5.772655e-01 9.700000e-01 2.750000e-01 3.276539e-01 5.764404e-01
-2.900000e-01 2.750000e-01 3.659470e-01 5.161900e-01 -2.900000e-01 2.850000e-01 3.689469e-01 5.174747e-01
9.700000e-01 2.750000e-01 3.276539e-01 5.764404e-01 9.700000e-01 2.850000e-01 3.245262e-01 5.778382e-01
-2.900000e-01 2.850000e-01 3.689469e-01 5.174747e-01 -2.900000e-01 2.950000e-01 3.718755e-01 5.186567e-01
9.700000e-01 2.850000e-01 3.245262e-01 5.778382e-01 9.750000e-01 2.900000e-01 3.265115e-01 5.769368e-01
9.750000e-01 2.900000e-01 3.265115e-01 5.769368e-01 9.800000e-01 2.950000e-01 3.285680e-01 5.761032e-01
-2.900000e-01 2.950000e-01 3.718755e-01 5.186567e-01 -2.900000e-01 3.050000e-01 3.747290e-01 5.197379e-01
9.800000e-01 2.950000e-01 3.285680e-01 5.761032e-01 9.800000e-01 3.050000e-01 3.256413e-01 5.772983e-01
-2.900000e-01 3.050000e-01 3.747290e-01 5.197379e-01 -2.900000e-01 3.150000e-01 3.775039e-01 5.207208e-01
9.800000e-01 3.050000e-01 3.256413e-01 5.772983e-01 9.850000e-01 3.100000e-01 3.278367e-01 5.764036e-01
9.850000e-01 3.100000e-01 3.278367e-01 5.764036e-01 9.900000e-01 3.150000e-01 3.300984e-01 5.755797e-01
-2.950000e-01 3.200000e-01 3.750764e-01 5.198183e-01 -3.000000e-01 3.250000e-01 3.725915e-01 5.189888e-01
-2.900000e-01 3.150000e-01 3.775039e-01 5.207208e-01 -2.950000e-01 3.200000e-01 3.750764e-01 5.198183e-01
9.900000e-01 3.150000e-01 3.300984e-01 5.755797e-01 9.900000e-01 3.250000e-01 3.273870e-01 5.765942e-01
-3.000000e-01 3.250000e-01 3.725915e-01 5.189888e-01 -3.000000e-01 3.350000e-01 3.751369e-01 5.198698e-01
9.900000e-01 3.250000e-01 3.273870e-01 5.765942e-01 9.900000e-01 3.350000e-01 3.247557e-01 5.774862e-01
-3.000000e-01 3.350000e-01 3.751369e-01 5.198698e-01 -3.000000e-01 3.450000e-01 3.775944e-01 5.206642e-01
9.900000e-01 3.350000e-01 3.247557e-01 5.774862e-01 9.950000e-01 3.400000e-01 3.272359e-01 5.765987e-01
9.950000e-01 3.400000e-01 3.272359e-01 5.765987e-01 1.000000e+00 3.450000e-01 3.297752e-01 5.757858e-01
-3.000000e-01 3.450000e-01 3.775944e-01 5.206642e-01 -3.000000e-01 3.550000e-01 3.799604e-01 5.213751e-01
1.000000e+00 3.450000e-01 3.297752e-01 5.757858e-01 1.000000e+00 3.550000e-01 3.273789e-01 5.765292e-01
-3.000000e-01 3.550000e-01 3.799604e-01 5.213751e-01 -3.000000e-01 3.650000e-01 3.822319e-01 5.220057e-01
1.000000e+00 3.550000e-01 3.273789e-01 5.765292e-01 1.005000e+00 3.600000e-01 3.300685e-01 5.756930e-01
1.005000e+00 3.600000e-01 3.300685e-01 5.756930e-01 1.010000e+00 3.650000e-01 3.328115e-01 5.749325e-01
-3.000000e-01 3.650000e-01 3.822319e-01 5.220057e-01 -3.000000e-01 3.750000e-01 3.844057e-01 5.225597e-01
1.010000e+00 3.650000e-01 3.328115e-01 5.749325e-01 1.010000e+00 3.750000e-01 3.306592e-01 5.755525e-01
-3.050000e-01 3.800000e-01 3.814709e-01 5.217639e-01 -3.100000e-01 3.850000e-01 3.784915e-01 5.210441e-01
-3.000000e-01 3.750000e-01 3.844057e-01 5.225597e-01 -3.050000e-01 3.800000e-01 3.814709e-01 5.217639e-01
1.010000e+00 3.750000e-01 3.306592e-01 5.755525e-01 1.010000e+00 3.850000e-01 3.286048e-01 5.760708e-01
-3.100000e-01 3.850000e-01 3.784915e-01 5.210441e-01 -3.100000e-01 3.950000e-01 3.804120e-01 5.215600e-01
1.010000e+00 3.850000e-01 3.286048e-01 5.760708e-01 1.015000e+00 3.900000e-01 3.315767e-01 5.753045e-01
1.015000e+00 3.900000e-01 3.315767e-01 5.753045e-01 1.020000e+00 3.950000e-01 3.345941e-01 5.746150e-01
-3.100000e-01 3.950000e-01 3.804120e-01 5.215600e-01 -3.100000e-01 4.050000e-01 3.822282e-01 5.220136e-01
1.020000e+00 3.950000e-01 3.345941e-01 5.746150e-01 1.020000e+00 4.050000e-01 3.327955e-01 5.750457e-01
-3.100000e-01 4.050000e-01 3.822282e-01 5.220136e-01 -3.100000e-01 4.150000e-01 3.839377e-01 5.224089e-01
1.020000e+00 4.050000e-01 3.327955e-01 5.750457e-01 1.020000e+00 4.150000e-01 3.311035e-01 5.753886e-01
-3.100000e-01 4.150000e-01 3.839377e-01 5.224089e-01 -3.100000e-01 4.250000e-01 3.855379e-01 5.227503e-01
1.020000e+00 4.150000e-01 3.311035e-01 5.753886e-01 1.025000e+00 4.200000e-01 3.343506e-01 5.747273e-01
1.025000e+00 4.200000e-01 3.343506e-01 5.747273e-01 1.030000e+00 4.250000e-01 3.376354e-01 5.741421e-01
-3.100000e-01 4.250000e-01 3.855379e-01 5.227503e-01 -3.100000e-01 4.350000e-01 3.870268e-01 5.230421e-01
1.030000e+00 4.250000e-01 3.376354e-01 5.741421e-01 1.030000e+00 4.350000e-01 3.362059e-01 5.744344e-01
-3.100000e-01 4.350000e-01 3.870268e-01 5.230421e-01 -3.100000e-01 4.450000e-01 3.884023e-01 5.232889e-01
1.030000e+00 4.350000e-01 3.362059e-01 5.744344e-01 1.030000e+00 4.450000e-01 3.348897e-01 5.746541e-01
-3.100000e-01 4.450000e-01 3.884023e-01 5.232889e-01 -3.100000e-01 4.550000e-01 3.896623e-01 5.234954e-01
1.030000e+00 4.450000e-01 3.348897e-01 5.746541e-01 1.030000e+00 4.550000e-01 3.336896e-01 5.748055e-01
-3.100000e-01 4.550000e-01 3.896623e-01 5.234954e-01 -3.100000e-01 4.650000e-01 3.908052e-01 5.236664e-01
1.030000e+00 4.550000e-01 3.336896e-01 5.748055e-01 1.035000e+00 4.600000e-01 3.372754e-01 5.743087e-01
1.035000e+00 4.600000e-01 3.372754e-01 5.743087e-01 1.040000e+00 4.650000e-01 3.408893e-01 5.738858e-01
-3.100000e-01 4.650000e-01 3.908052e-01 5.236664e-01 -3.100000e-01 4.750000e-01 3.918296e-01 5.238068e-01
3.750000e-01 4.700000e-01 3.431981e-01 9.683617e-01 3.700000e-01 4.750000e-01 3.721930e-01 9.672426e-01
3.750000e-01 4.700000e-01 3.431981e-01 9.683617e-01 3.800000e-01 4.750000e-01 3.138848e-01 9.660783e-01
1.040000e+00 4.650000e-01 3.408893e-01 5.738858e-01 1.040000e+00 4.750000e-01 3.399552e-01 5.740350e-01
-3.100000e-01 4.750000e-01 3.918296e-01 5.238068e-01 -3.100000e-01 4.850000e-01 3.927339e-01 5.239215e-01
3.450000e-01 4.800000e-01 5.226589e-01 9.346695e-01 3.400000e-01 4.850000e-01 5.582568e-01 9.176357e-01
3.450000e-01 4.800000e-01 5.226589e-01 9.346695e-01 3.550000e-01 4.800000e-01 4.668680e-01 9.534031e-01
3.550000e-01 4.800000e-01 4.668680e-01 9.534031e-01 3.650000e-01 4.800000e-01 4.054953e-01 9.651572e-01
3.700000e-01 4.750000e-01 3.721930e-01 9.672426e-01 3.650000e-01 4.800000e-01 4.054953e-01 9.651572e-01
3.800000e-01 4.750000e-01 3.138848e-01 9.660783e-01 3.850000e-01 4.800000e-01 2.801922e-01 9.624317e-01
3.850000e-01 4.800000e-01 2.801922e-01 9.624317e-01 3.950000e-01 4.800000e-01 2.237622e-01 9.490441e-01
3.950000e-01 4.800000e-01 2.237622e-01 9.490441e-01 4.050000e-01 4.800000e-01 1.747760e-01 9.303250e-01
4.050000e-01 4.800000e-01 1.747760e-01 9.303250e-01 4.150000e-01 4.800000e-01 1.339111e-01 9.086330e-01
4.150000e-01 4.800000e-01 1.339111e-01 9.086330e-01 4.200000e-01 4.850000e-01 1.060466e-01 8.899851e-01
1.040000e+00 4.750000e-01 3.399552e-01 5.740350e-01 1.040000e+00 4.850000e-01 3.391410e-01 5.741322e-01
-3.100000e-01 4.850000e-01 3.927339e-01 5.239215e-01 -3.100000e-01 4.950000e-01 3.935171e-01 5.240156e-01
3.250000e-01 4.900000e-01 6.384987e-01 8.658256e-01 3.200000e-01 4.950000e-01 6.684665e-01 8.391662e-01
3.250000e-01 4.900000e-01 6.384987e-01 8.658256e-01 3.350000e-01 4.900000e-01 5.978215e-01 8.952872e-01
3.400000e-01 4.850000e-01 5.582568e-01 9.176357e-01 3.350000e-01 4.900000e-01 5.978215e-01 8.952872e-01
4.200000e-01 4.850000e-01 1.060466e-01 8.899851e-01 4.250000e-01 4.900000e-01 7.674907e-02 8.668753e-01
4.250000e-01 4.900000e-01 7.674907e-02 8.668753e-01 4.300000e-01 4.950000e-01 5.197742e-02 8.431853e-01
1.040000e+00 4.850000e-01 3.391410e-01 5.741322e-01 1.040000e+00 4.950000e-01 3.384488e-01 5.741822e-01
-3.100000e-01 4.950000e-01 3.935171e-01 5.240156e-01 -3.100000e-01 5.050000e-01 3.941783e-01 5.240942e-01
3.150000e-01 5.000000e-01 6.983980e-01 8.072136e-01 3.100000e-01 5.050000e-01 7.226192e-01 7.764868e-01
3.200000e-01 4.950000e-01 6.684665e-01 8.391662e-01 3.150000e-01 5.000000e-01 6.983980e-01 8.072136e-01
4.300000e-01 4.950000e-01 5.197742e-02 8.431853e-01 4.350000e-01 5.000000e-01 2.761113e-02 8.151194e-01
4.350000e-01 5.000000e-01 2.761113e-02 8.151194e-01 4.400000e-01 5.050000e-01 7.933142e-03 7.883222e-01
1.040000e+00 4.950000e-01 3.384488e-01 5.741822e-01 1.040000e+00 5.050000e-01 3.378800e-01 5.741901e-01
-3.100000e-01 5.050000e-01 3.941783e-01 5.240942e-01 -3.100000e-01 5.150000e-01 3.947167e-01 5.241625e-01
3.100000e-01 5.050000e-01 7.226192e-01 7.764868e-01 3.100000e-01 5.150000e-01 7.494742e-01 7.339606e-01
4.400000e-01 5.050000e-01 7.933142e-03 7.883222e-01 4.400000e-01 5.150000e-01 -1.433128e-02 7.502739e-01
1.040000e+00 5.050000e-01 3.378800e-01 5.741901e-01 1.040000e+00 5.150000e-01 3.374362e-01 5.741610e-01
-3.100000e-01 5.150000e-01 3.947167e-01 5.241625e-01 -3.100000e-01 5.250000e-01 3.951318e-01 5.242257e-01
3.050000e-01 5.200000e-01 7.674588e-01 6.965067e-01 3.000000e-01 5.250000e-01 7.809584e-01 6.634059e-01
3.100000e-01 5.150000e-01 7.494742e-01 7.339606e-01 3.050000e-01 5.200000e-01 7.674588e-01 6.965067e-01
4.400000e-01 5.150000e-01 -1.433128e-02 7.502739e-01 4.450000e-01 5.200000e-01 -2.871644e-02 7.176236e-01
4.450000e-01 5.200000e-01 -2.871644e-02 7.176236e-01 4.500000e-01 5.250000e-01 -3.956361e-02 6.885412e-01
1.040000e+00 5.150000e-01 3.374362e-01 5.741610e-01 1.045000e+00 5.200000e-01 3.414759e-01 5.739719e-01
1.045000e+00 5.200000e-01 3.414759e-01 5.739719e-01 1.050000e+00 5.250000e-01 3.455307e-01 5.738500e-01
-3.100000e-01 5.250000e-01 3.951318e-01 5.242257e-01 -3.100000e-01 5.350000e-01 3.954234e-01 5.242889e-01
3.000000e-01 5.250000e-01 7.809584e-01 6.634059e-01 3.000000e-01 5.350000e-01 7.952115e-01 6.109138e-01
4.500000e-01 5.250000e-01 -3.956361e-02 6.885412e-01 4.500000e-01 5.350000e-01 -5.130069e-02 6.408506e-01
1.050000e+00 5.250000e-01 3.455307e-01 5.738500e-01 1.050000e+00 5.350000e-01 3.453464e-01 5.738888e-01
-3.100000e-01 5.350000e-01 3.954234e-01 5.242889e-01 -3.050000e-01 5.400000e-01 3.997271e-01 5.244071e-01
-3.050000e-01 5.400000e-01 3.997271e-01 5.244071e-01 -3.000000e-01 5.450000e-01 4.040228e-01 5.244646e-01
3.000000e-01 5.350000e-01 7.952115e-01 6.109138e-01 3.000000e-01 5.450000e-01 8.026299e-01 5.550712e-01
4.500000e-01 5.350000e-01 -5.130069e-02 6.408506e-01 4.500000e-01 5.450000e-01 -5.717688e-02 5.891823e-01
1.050000e+00 5.350000e-01 3.453464e-01 5.738888e-01 1.050000e+00 5.450000e-01 3.452868e-01 5.739072e-01
-3.000000e-01 5.450000e-01 4.040228e-01 5.244646e-01 -3.000000e-01 5.550000e-01 4.040676e-01 5.244186e-01
3.000000e-01 5.450000e-01 8.026299e-01 5.550712e-01 3.000000e-01 5.550000e-01 8.023585e-01 4.987391e-01
4.500000e-01 5.450000e-01 -5.717688e-02 5.891823e-01 4.500000e-01 5.550000e-01 -5.623399e-02 5.357431e-01
1.050000e+00 5.450000e-01 3.452868e-01 5.739072e-01 1.050000e+00 5.550000e-01 3.453523e-01 5.739107e-01
-3.000000e-01 5.550000e-01 4.040676e-01 5.244186e-01 -3.000000e-01 5.650000e-01 4.039859e-01 5.243887e-01
3.000000e-01 5.550000e-01 8.023585e-01 4.987391e-01 3.000000e-01 5.650000e-01 7.946869e-01 4.449048e-01
4.500000e-01 5.550000e-01 -5.623399e-02 5.357431e-01 4.500000e-01 5.650000e-01 -4.838576e-02 4.831185e-01
1.050000e+00 5.550000e-01 3.453523e-01 5.739107e-01 1.050000e+00 5.650000e-01 3.455435e-01 5.739043e-01
-3.000000e-01 5.650000e-01 4.039859e-01 5.243887e-01 -3.000000e-01 5.750000e-01 4.037783e-01 5.243802e-01
3.000000e-01 5.650000e-01 7.946869e-01 4.449048e-01 3.000000e-01 5.750000e-01 7.809184e-01 3.959695e-01
4.450000e-01 5.700000e-01 -3.965693e-02 4.515532e-01 4.400000e-01 5.750000e-01 -2.773654e-02 4.153162e-01
4.500000e-01 5.650000e-01 -4.838576e-02 4.831185e-01 4.450000e-01 5.700000e-01 -3.965693e-02 4.515532e-01
1.050000e+00 5.650000e-01 3.455435e-01 5.739043e-01 1.050000e+00 5.750000e-01 3.458603e-01 5.738936e-01
-3.000000e-01 5.750000e-01 4.037783e-01 5.243802e-01 -3.000000e-01 5.850000e-01 4.034456e-01 5.243985e-01
3.000000e-01 5.750000e-01 7.809184e-01 3.959695e-01 3.000000e-01 5.850000e-01 7.628857e-01 3.533371e-01
4.400000e-01 5.750000e-01 -2.773654e-02 4.153162e-01 4.400000e-01 5.850000e-01 -5.111811e-03 3.670233e-01
1.050000e+00 5.750000e-01 3.458603e-01 5.738936e-01 1.050000e+00 5.850000e-01 3.463026e-01 5.738838e-01
-3.000000e-01 5.850000e-01 4.034456e-01 5.243985e-01 -3.000000e-01 5.950000e-01 4.029888e-01 5.244487e-01
3.000000e-01 5.850000e-01 7.628857e-01 3.533371e-01 3.050000e-01 5.900000e-01 7.472438e-01 3.252376e-01
3.050000e-01 5.900000e-01 7.472438e-01 3.252376e-01 3.100000e-01 5.950000e-01 7.272943e-01 2.947119e-01
4.350000e-01 5.900000e-01 1.512724e-02 3.342310e-01 4.300000e-01 5.950000e-01 4.104116e-02 2.986460e-01
4.400000e-01 5.850000e-01 -5.111811e-03 3.670233e-01 4.350000e-01 5.900000e-01 1.512724e-02 3.342310e-01
1.050000e+00 5.850000e-01 3.463026e-01 5.738838e-01 1.050000e+00 5.950000e-01 3.468700e-01 5.738803e-01
-3.000000e-01 5.950000e-01 4.029888e-01 5.244487e-01 -3.000000e-01 6.050000e-01 4.024091e-01 5.245360e-01
3.100000e-01 5.950000e-01 7.272943e-01 2.947119e-01 3.150000e-01 6.000000e-01 7.056050e-01 2.679718e-01
3.150000e-01 6.000000e-01 7.056050e-01 2.679718e-01 3.200000e-01 6.050000e-01 6.789603e-01 2.404267e-01
4.250000e-01 6.000000e-01 6.868296e-02 2.679008e-01 4.200000e-01 6.050000e-01 1.024015e-01 2.368400e-01
4.300000e-01 5.950000e-01 4.104116e-02 2.986460e-01 4.250000e-01 6.000000e-01 6.868296e-02 2.679008e-01
1.050000e+00 5.950000e-01 3.468700e-01 5.738803e-01 1.050000e+00 6.050000e-01 3.475621e-01 5.738883e-01
-3.000000e-01 6.050000e-01 4.024091e-01 5.245360e-01 -2.950000e-01 6.100000e-01 4.062402e-01 5.242503e-01
-2.950000e-01 6.100000e-01 4.062402e-01 5.242503e-01 -2.900000e-01 6.150000e-01 4.100497e-01 5.238934e-01
3.200000e-01 6.050000e-01 6.789603e-01 2.404267e-01 3.250000e-01 6.100000e-01 6.524678e-01 2.175841e-01
3.250000e-01 6.100000e-01 6.524678e-01 2.175841e-01 3.300000e-01 6.150000e-01 6.215499e-01 1.959170e-01
4.150000e-01 6.100000e-01 1.350837e-01 2.116501e-01 4.100000e-01 6.150000e-01 1.723415e-01 1.888134e-01
4.200000e-01 6.050000e-01 1.024015e-01 2.368400e-01 4.150000e-01 6.100000e-01 1.350837e-01 2.116501e-01
1.050000e+00 6.050000e-01 3.475621e-01 5.738883e-01 1.050000e+00 6.150000e-01 3.483781e-01 5.739132e-01
-2.900000e-01 6.150000e-01 4.100497e-01 5.238934e-01 -2.900000e-01 6.250000e-01 4.092058e-01 5.239493e-01
3.300000e-01 6.150000e-01 6.215499e-01 1.959170e-01 3.350000e-01 6.200000e-01 5.926307e-01 1.786994e-01
3.350000e-01 6.200000e-01 5.926307e-01 1.786994e-01 3.450000e-01 6.200000e-01 5.489022e-01 1.585922e-01
3.450000e-01 6.200000e-01 5.489022e-01 1.585922e-01 3.550000e-01 6.200000e-01 4.975547e-01 1.423740e-01
3.550000e-01 6.200000e-01 4.975547e-01 1.423740e-01 3.650000e-01 6.200000e-01 4.398247e-01 1.322866e-01
3.650000e-01 6.200000e-01 4.398247e-01 1.322866e-01 3.750000e-01 6.200000e-01 3.783145e-01 1.301442e-01
3.750000e-01 6.200000e-01 3.783145e-01 1.301442e-01 3.850000e-01 6.200000e-01 3.166140e-01 1.366180e-01
3.850000e-01 6.200000e-01 3.166140e-01 1.366180e-01 3.950000e-01 6.200000e-01 2.583703e-01 1.509095e-01
3.950000e-01 6.200000e-01 2.583703e-01 1.509095e-01 4.050000e-01 6.200000e-01 2.063206e-01 1.710847e-01
4.100000e-01 6.150000e-01 1.723415e-01 1.888134e-01 4.050000e-01 6.200000e-01 2.063206e-01 1.710847e-01
1.050000e+00 6.150000e-01 3.483781e-01 5.739132e-01 1.050000e+00 6.250000e-01 3.493168e-01 5.739602e-01
-2.900000e-01 6.250000e-01 4.092058e-01 5.239493e-01 -2.900000e-01 6.350000e-01 4.082409e-01 5.240588e-01
1.050000e+00 6.250000e-01 3.493168e-01 5.739602e-01 1.050000e+00 6.350000e-01 3.503772e-01 5.740344e-01
-2.900000e-01 6.350000e-01 4.082409e-01 5.240588e-01 -2.900000e-01 6.450000e-01 4.071573e-01 5.242267e-01
1.050000e+00 6.350000e-01 3.503772e-01 5.740344e-01 1.050000e+00 6.450000e-01 3.515578e-01 5.741410e-01
-2.900000e-01 6.450000e-01 4.071573e-01 5.242267e-01 -2.850000e-01 6.500000e-01 4.106736e-01 5.237424e-01
-2.850000e-01 6.500000e-01 4.106736e-01 5.237424e-01 -2.800000e-01 6.550000e-01 4.141590e-01 5.231829e-01
1.050000e+00 6.450000e-01 3.515578e-01 5.741410e-01 1.050000e+00 6.550000e-01 3.528570e-01 5.742849e-01
-2.800000e-01 6.550000e-01 4.141590e-01 5.231829e-01 -2.800000e-01 6.650000e-01 4.128086e-01 5.233674e-01
1.050000e+00 6.550000e-01 3.528570e-01 5.742849e-01 1.050000e+00 6.650000e-01 3.542729e-01 5.744710e-01
-2.800000e-01 6.650000e-01 4.128086e-01 5.233674e-01 -2.800000e-01 6.750000e-01 4.113443e-01 5.236265e-01
1.050000e+00 6.650000e-01 3.542729e-01 5.744710e-01 1.050000e+00 6.750000e-01 3.558035e-01 5.747041e-01
-2.800000e-01 6.750000e-01 4.113443e-01 5.236265e-01 -2.800000e-01 6.850000e-01 4.097689e-01 5.239643e-01
1.050000e+00 6.750000e-01 3.558035e-01 5.747041e-01 1.050000e+00 6.850000e-01 3.574468e-01 5.749888e-01
-2.800000e-01 6.850000e-01 4.097689e-01 5.239643e-01 -2.750000e-01 6.900000e-01 4.129500e-01 5.233331e-01
-2.750000e-01 6.900000e-01 4.129500e-01 5.233331e-01 -2.700000e-01 6.950000e-01 4.160904e-01 5.226254e-01
1.050000e+00 6.850000e-01 3.574468e-01 5.749888e-01 1.050000e+00 6.950000e-01 3.592004e-01 5.753295e-01
-2.700000e-01 6.950000e-01 4.160904e-01 5.226254e-01 -2.700000e-01 7.050000e-01 4.142544e-01 5.230282e-01
1.050000e+00 6.950000e-01 3.592004e-01 5.753295e-01 1.050000e+00 7.050000e-01 3.610617e-01 5.757307e-01
-2.700000e-01 7.050000e-01 4.142544e-01 5.230282e-01 -2.700000e-01 7.150000e-01 4.123150e-01 5.235246e-01
1.050000e+00 7.050000e-01 3.610617e-01 5.757307e-01 1.050000e+00 7.150000e-01 3.630281e-01 5.761965e-01
-2.700000e-01 7.150000e-01 4.123150e-01 5.235246e-01 -2.650000e-01 7.200000e-01 4.152253e-01 5.228018e-01
-2.650000e-01 7.200000e-01 4.152253e-01 5.228018e-01 -2.600000e-01 7.250000e-01 4.180869e-01 5.220025e-01
1.050000e+00 7.150000e-01 3.630281e-01 5.761965e-01 1.050000e+00 7.250000e-01 3.650969e-01 5.767309e-01
-2.600000e-01 7.250000e-01 4.180869e-01 5.220025e-01 -2.600000e-01 7.350000e-01 4.158956e-01 5.226006e-01
1.050000e+00 7.250000e-01 3.650969e-01 5.767309e-01 1.050000e+00 7.350000e-01 3.672652e-01 5.773376e-01
-2.600000e-01 7.350000e-01 4.158956e-01 5.226006e-01 -2.600000e-01 7.450000e-01 4.136102e-01 5.233056e-01
1.050000e+00 7.350000e-01 3.672652e-01 5.773376e-01 1.050000e+00 7.450000e-01 3.695299e-01 5.780205e-01
-2.600000e-01 7.450000e-01 4.136102e-01 5.233056e-01 -2.550000e-01 7.500000e-01 4.162444e-01 5.225254e-01
-2.550000e-01 7.500000e-01 4.162444e-01 5.225254e-01 -2.500000e-01 7.550000e-01 4.188224e-01 5.216703e-01
1.050000e+00 7.450000e-01 3.695299e-01 5.780205e-01 1.050000e+00 7.550000e-01 3.718880e-01 5.787827e-01
-2.500000e-01 7.550000e-01 4.188224e-01 5.216703e-01 -2.500000e-01 7.650000e-01 4.162987e-01 5.225122e-01
1.045000e+00 7.600000e-01 3.692472e-01 5.779813e-01 1.040000e+00 7.650000e-01 3.666600e-01 5.771056e-01
1.050000e+00 7.550000e-01 3.718880e-01 5.787827e-01 1.045000e+00 7.600000e-01 3.692472e-01 5.779813e-01
-2.500000e-01 7.650000e-01 4.162987e-01 5.225122e-01 -2.450000e-01 7.700000e-01 4.187284e-01 5.216893e-01
-2.450000e-01 7.700000e-01 4.187284e-01 5.216893e-01 -2.400000e-01 7.750000e-01 4.210960e-01 5.207930e-01
1.040000e+00 7.650000e-01 3.666600e-01 5.771056e-01 1.040000e+00 7.750000e-01 3.692559e-01 5.779505e-01
-2.400000e-01 7.750000e-01 4.210960e-01 5.207930e-01 -2.400000e-01 7.850000e-01 4.183444e-01 5.217965e-01
1.040000e+00 7.750000e-01 3.692559e-01 5.779505e-01 1.040000e+00 7.850000e-01 3.719366e-01 5.788875e-01
-2.400000e-01 7.850000e-01 4.183444e-01 5.217965e-01 -2.400000e-01 7.950000e-01 4.155176e-01 5.229263e-01
1.040000e+00 7.850000e-01 3.719366e-01 5.788875e-01 1.040000e+00 7.950000e-01 3.746986e-01 5.799193e-01
-2.400000e-01 7.950000e-01 4.155176e-01 5.229263e-01 -2.350000e-01 8.000000e-01 4.176712e-01 5.221065e-01
-2.350000e-01 8.000000e-01 4.176712e-01 5.221065e-01 -2.300000e-01 8.050000e-01 4.197562e-01 5.212177e-01
1.040000e+00 7.950000e-01 3.746986e-01 5.799193e-01 1.040000e+00 8.050000e-01 3.775382e-01 5.810483e-01
-2.300000e-01 8.050000e-01 4.197562e-01 5.212177e-01 -2.300000e-01 8.150000e-01 4.167227e-01 5.225397e-01
1.035000e+00 8.100000e-01 3.753120e-01 5.802060e-01 1.030000e+00 8.150000e-01 3.731492e-01 5.792941e-01
1.040000e+00 8.050000e-01 3.775382e-01 5.810483e-01 1.035000e+00 8.100000e-01 3.753120e-01 5.802060e-01
-2.300000e-01 8.150000e-01 4.167227e-01 5.225397e-01 -2.250000e-01 8.200000e-01 4.186727e-01 5.217202e-01
-2.250000e-01 8.200000e-01 4.186727e-01 5.217202e-01 -2.200000e-01 8.250000e-01 4.205492e-01 5.208350e-01
1.030000e+00 8.150000e-01 3.731492e-01 5.792941e-01 1.030000e+00 8.250000e-01 3.762005e-01 5.805554e-01
-2.200000e-01 8.250000e-01 4.205492e-01 5.208350e-01 -2.200000e-01 8.350000e-01 4.173243e-01 5.223704e-01
1.030000e+00 8.250000e-01 3.762005e-01 5.805554e-01 1.030000e+00 8.350000e-01 3.793189e-01 5.819238e-01
-2.200000e-01 8.350000e-01 4.173243e-01 5.223704e-01 -2.150000e-01 8.400000e-01 4.190733e-01 5.215692e-01
-2.150000e-01 8.400000e-01 4.190733e-01 5.215692e-01 -2.100000e-01 8.450000e-01 4.207441e-01 5.207063e-01
1.025000e+00 8.400000e-01 3.773591e-01 5.810716e-01 1.020000e+00 8.450000e-01 3.754685e-01 5.801539e-01
1.030000e+00 8.350000e-01 3.793189e-01 5.819238e-01 1.025000e+00 8.400000e-01 3.773591e-01 5.810716e-01
-2.100000e-01 8.450000e-01 4.207441e-01 5.207063e-01 -2.100000e-01 8.550000e-01 4.173454e-01 5.224744e-01
1.020000e+00 8.450000e-01 3.754685e-01 5.801539e-01 1.020000e+00 8.550000e-01 3.787797e-01 5.816835e-01
-2.100000e-01 8.550000e-01 4.173454e-01 5.224744e-01 -2.050000e-01 8.600000e-01 4.188974e-01 5.217093e-01
-2.050000e-01 8.600000e-01 4.188974e-01 5.217093e-01 -2.000000e-01 8.650000e-01 4.203675e-01 5.208873e-01
1.020000e+00 8.550000e-01 3.787797e-01 5.816835e-01 1.020000e+00 8.650000e-01 3.821469e-01 5.833282e-01
-2.000000e-01 8.650000e-01 4.203675e-01 5.208873e-01 -1.950000e-01 8.700000e-01 4.217817e-01 5.201198e-01
-1.950000e-01 8.700000e-01 4.217817e-01 5.201198e-01 -1.900000e-01 8.750000e-01 4.231109e-01 5.192977e-01
1.015000e+00 8.700000e-01 3.804456e-01 5.824993e-01 1.010000e+00 8.750000e-01 3.788185e-01 5.816100e-01
1.020000e+00 8.650000e-01 3.821469e-01 5.833282e-01 1.015000e+00 8.700000e-01 3.804456e-01 5.824993e-01
-1.900000e-01 8.750000e-01 4.231109e-01 5.192977e-01 -1.900000e-01 8.850000e-01 4.194511e-01 5.214309e-01
1.010000e+00 8.750000e-01 3.788185e-01 5.816100e-01 1.010000e+00 8.850000e-01 3.823565e-01 5.834416e-01
-1.900000e-01 8.850000e-01 4.194511e-01 5.214309e-01 -1.850000e-01 8.900000e-01 4.206767e-01 5.207284e-01
-1.850000e-01 8.900000e-01 4.206767e-01 5.207284e-01 -1.800000e-01 8.950000e-01 4.218143e-01 5.199770e-01
1.010000e+00 8.850000e-01 3.823565e-01 5.834416e-01 1.010000e+00 8.950000e-01 3.859386e-01 5.853945e-01
-1.800000e-01 8.950000e-01 4.218143e-01 5.199770e-01 -1.800000e-01 9.050000e-01 4.180312e-01 5.223863e-01
1.005000e+00 9.000000e-01 3.844839e-01 5.846208e-01 1.000000e+00 9.050000e-01 3.831074e-01 5.837928e-01
1.010000e+00 8.950000e-01 3.859386e-01 5.853945e-01 1.005000e+00 9.000000e-01 3.844839e-01 5.846208e-01
-1.800000e-01 9.050000e-01 4.180312e-01 5.223863e-01 -1.750000e-01 9.100000e-01 4.190771e-01 5.217654e-01
-1.750000e-01 9.100000e-01 4.190771e-01 5.217654e-01 -1.700000e-01 9.150000e-01 4.200327e-01 5.211018e-01
1.000000e+00 9.050000e-01 3.831074e-01 5.837928e-01 1.000000e+00 9.150000e-01 3.868361e-01 5.859546e-01
-1.700000e-01 9.150000e-01 4.200327e-01 5.211018e-01 -1.650000e-01 9.200000e-01 4.209473e-01 5.205078e-01
-1.650000e-01 9.200000e-01 4.209473e-01 5.205078e-01 -1.600000e-01 9.250000e-01 4.217696e-01 5.198746e-01
9.950000e-01 9.200000e-01 3.855636e-01 5.852179e-01 9.900000e-01 9.250000e-01 3.843723e-01 5.844315e-01
1.000000e+00 9.150000e-01 3.868361e-01 5.859546e-01 9.950000e-01 9.200000e-01 3.855636e-01 5.852179e-01
-1.600000e-01 9.250000e-01 4.217696e-01 5.198746e-01 -1.600000e-01 9.350000e-01 4.178096e-01 5.227144e-01
9.900000e-01 9.250000e-01 3.843723e-01 5.844315e-01 9.900000e-01 9.350000e-01 3.882301e-01 5.868174e-01
-1.600000e-01 9.350000e-01 4.178096e-01 5.227144e-01 -1.550000e-01 9.400000e-01 4.185599e-01 5.222284e-01
-1.550000e-01 9.400000e-01 4.185599e-01 5.222284e-01 -1.500000e-01 9.450000e-01 4.192170e-01 5.217097e-01
9.900000e-01 9.350000e-01 3.882301e-01 5.868174e-01 9.900000e-01 9.450000e-01 3.921119e-01 5.893312e-01
-1.500000e-01 9.450000e-01 4.192170e-01 5.217097e-01 -1.450000e-01 9.500000e-01 4.198434e-01 5.212681e-01
-1.450000e-01 9.500000e-01 4.198434e-01 5.212681e-01 -1.400000e-01 9.550000e-01 4.203752e-01 5.207978e-01
9.850000e-01 9.500000e-01 3.910585e-01 5.887008e-01 9.800000e-01 9.550000e-01 3.900883e-01 5.880282e-01
9.900000e-01 9.450000e-01 3.921119e-01 5.893312e-01 9.850000e-01 9.500000e-01 3.910585e-01 5.887008e-01
-1.400000e-01 9.550000e-01 4.203752e-01 5.207978e-01 -1.350000e-01 9.600000e-01 4.208804e-01 5.204076e-01
-1.350000e-01 9.600000e-01 4.208804e-01 5.204076e-01 -1.300000e-01 9.650000e-01 4.212899e-01 5.199929e-01
9.750000e-01 9.600000e-01 3.891589e-01 5.874126e-01 9.700000e-01 9.650000e-01 3.883143e-01 5.867577e-01
9.800000e-01 9.550000e-01 3.900883e-01 5.880282e-01 9.750000e-01 9.600000e-01 3.891589e-01 5.874126e-01
-1.300000e-01 9.650000e-01 4.212899e-01 5.199929e-01 -1.300000e-01 9.750000e-01 4.171637e-01 5.234551e-01
9.700000e-01 9.650000e-01 3.883143e-01 5.867577e-01 9.700000e-01 9.750000e-01 3.923747e-01 5.896291e-01
-1.300000e-01 9.750000e-01 4.171637e-01 5.234551e-01 -1.250000e-01 9.800000e-01 4.175313e-01 5.232056e-01
-1.250000e-01 9.800000e-01 4.175313e-01 5.232056e-01 -1.200000e-01 9.850000e-01 4.178041e-01 5.229387e-01
9.650000e-01 9.800000e-01 3.916032e-01 5.890962e-01 9.600000e-01 9.850000e-01 3.909176e-01 5.885295e-01
9.700000e-01 9.750000e-01 3.923747e-01 5.896291e-01 9.650000e-01 9.800000e-01 3.916032e-01 5.890962e-01
-1.200000e-01 9.850000e-01 4.178041e-01 5.229387e-01 -1.150000e-01 9.900000e-01 4.180617e-01 5.227564e-01
-1.150000e-01 9.900000e-01 4.180617e-01 5.227564e-01 -1.100000e-01 9.950000e-01 4.182242e-01 5.225611e-01
9.600000e-01 9.850000e-01 3.909176e-01 5.885295e-01 9.600000e-01 9.950000e-01 3.950504e-01 5.916581e-01
-1.100000e-01 9.950000e-01 4.182242e-01 5.225611e-01 -1.050000e-01 1.000000e+00 4.183760e-01 5.224523e-01
-1.050000e-01 1.000000e+00 4.183760e-01 5.224523e-01 -1.000000e-01 1.005000e+00 4.184329e-01 5.223350e-01
9.550000e-01 1.000000e+00 3.944263e-01 5.912213e-01 9.500000e-01 1.005000e+00 3.938883e-01 5.907567e-01
9.600000e-01 9.950000e-01 3.950504e-01 5.916581e-01 9.550000e-01 1.000000e+00 3.944263e-01 5.912213e-01
-1.000000e-01 1.005000e+00 4.184329e-01 5.223350e-01 -9.500000e-02 1.010000e+00 4.184834e-01 5.223057e-01
-9.500000e-02 1.010000e+00 4.184834e-01 5.223057e-01 -9.000000e-02 1.015000e+00 4.184395e-01 5.222726e-01
9.450000e-01 1.010000e+00 3.933765e-01 5.903601e-01 9.400000e-01 1.015000e+00 3.929515e-01 5.899393e-01
9.500000e-01 1.005000e+00 3.938883e-01 5.907567e-01 9.450000e-01 1.010000e+00 3.933765e-01 5.903601e-01
-9.000000e-02 1.015000e+00 4.184395e-01 5.222726e-01 -8.500000e-02 1.020000e+00 4.183939e-01 5.223287e-01
-8.500000e-02 1.020000e+00 4.183939e-01 5.223287e-01 -8.000000e-02 1.025000e+00 4.182545e-01 5.223855e-01
9.400000e-01 1.015000e+00 3.929515e-01 5.899393e-01 9.400000e-01 1.025000e+00 3.971835e-01 5.934708e-01
-8.000000e-02 1.025000e+00 4.182545e-01 5.223855e-01 -8.000000e-02 1.035000e+00 4.140729e-01 5.268612e-01
9.350000e-01 1.030000e+00 3.968012e-01 5.931915e-01 9.300000e-01 1.035000e+00 3.965049e-01 5.928939e-01
9.400000e-01 1.025000e+00 3.971835e-01 5.934708e-01 9.350000e-01 1.030000e+00 3.968012e-01 5.931915e-01
-8.000000e-02 1.035000e+00 4.140729e-01 5.268612e-01 -7.500000e-02 1.040000e+00 4.139415e-01 5.270969e-01
-7.500000e-02 1.040000e+00 4.139415e-01 5.270969e-01 -7.000000e-02 1.045000e+00 4.137201e-01 5.273400e-01
9.250000e-01 1.040000e+00 3.962250e-01 5.926694e-01 9.200000e-01 1.045000e+00 3.960314e-01 5.924305e-01
9.300000e-01 1.035000e+00 3.965049e-01 5.928939e-01 9.250000e-01 1.040000e+00 3.962250e-01 5.926694e-01
-7.000000e-02 1.045000e+00 4.137201e-01 5.273400e-01 -6.500000e-02 1.050000e+00 4.135081e-01 5.276722e-01
-6.500000e-02 1.050000e+00 4.135081e-01 5.276722e-01 -6.000000e-02 1.055000e+00 4.132075e-01 5.280161e-01
9.200000e-01 1.045000e+00 3.960314e-01 5.924305e-01 9.200000e-01 1.055000e+00 4.003119e-01 5.963832e-01
-6.000000e-02 1.055000e+00 4.132075e-01 5.280161e-01 -5.500000e-02 1.060000e+00 4.129208e-01 5.284492e-01
-5.500000e-02 1.060000e+00 4.129208e-01 5.284492e-01 -5.000000e-02 1.065000e+00 4.125475e-01 5.288983e-01
9.150000e-01 1.060000e+00 4.001412e-01 5.962942e-01 9.100000e-01 1.065000e+00 4.000548e-01 5.961967e-01
9.200000e-01 1.055000e+00 4.003119e-01 5.963832e-01 9.150000e-01 1.060000e+00 4.001412e-01 5.962942e-01
-5.000000e-02 1.065000e+00 4.125475e-01 5.288983e-01 -4.500000e-02 1.070000e+00 4.121922e-01 5.294365e-01
-4.500000e-02 1.070000e+00 4.121922e-01 5.294365e-01 -3.500000e-02 1.070000e+00 4.153911e-01 5.253580e-01
-3.500000e-02 1.070000e+00 4.153911e-01 5.253580e-01 -3.000000e-02 1.075000e+00 4.148667e-01 5.259394e-01
9.050000e-01 1.070000e+00 3.999751e-01 5.961756e-01 9.000000e-01 1.075000e+00 3.999791e-01 5.961498e-01
9.100000e-01 1.065000e+00 4.000548e-01 5.961967e-01 9.050000e-01 1.070000e+00 3.999751e-01 5.961756e-01
-3.000000e-02 1.075000e+00 4.148667e-01 5.259394e-01 -2.500000e-02 1.080000e+00 4.143673e-01 5.266106e-01
-2.500000e-02 1.080000e+00 4.143673e-01 5.266106e-01 -2.000000e-02 1.085000e+00 4.137859e-01 5.273090e-01
8.950000e-01 1.080000e+00 3.999858e-01 5.962019e-01 8.900000e-01 1.085000e+00 4.000754e-01 5.962532e-01
9.000000e-01 1.075000e+00 3.999791e-01 5.961498e-01 8.950000e-01 1.080000e+00 3.999858e-01 5.962019e-01
-2.000000e-02 1.085000e+00 4.137859e-01 5.273090e-01 -1.500000e-02 1.090000e+00 4.132336e-01 5.280962e-01
-1.500000e-02 1.090000e+00 4.132336e-01 5.280962e-01 -1.000000e-02 1.095000e+00 4.126023e-01 5.289144e-01
8.850000e-01 1.090000e+00 4.001638e-01 5.963834e-01 8.800000e-01 1.095000e+00 4.003340e-01 5.965168e-01
8.900000e-01 1.085000e+00 4.000754e-01 5.962532e-01 8.850000e-01 1.090000e+00 4.001638e-01 5.963834e-01
-1.000000e-02 1.095000e+00 4.126023e-01 5.289144e-01 -5.000000e-03 1.100000e+00 4.120040e-01 5.298202e-01
-5.000000e-03 1.100000e+00 4.120040e-01 5.298202e-01 1.066855e-16 1.105000e+00 4.113299e-01 5.307609e-01
8.750000e-01 1.100000e+00 4.004992e-01 5.967300e-01 8.700000e-01 1.105000e+00 4.007446e-01 5.969502e-01
8.800000e-01 1.095000e+00 4.003340e-01 5.965168e-01 8.750000e-01 1.100000e+00 4.004992e-01 5.967300e-01
1.066855e-16 1.105000e+00 4.113299e-01 5.307609e-01 5.000000e-03 1.110000e+00 4.106924e-01 5.317876e-01
5.000000e-03 1.110000e+00 4.106924e-01 5.317876e-01 1.000000e-02 1.115000e+00 4.099826e-01 5.328526e-01
8.650000e-01 1.110000e+00 4.009811e-01 5.972507e-01 8.600000e-01 1.115000e+00 4.012964e-01 5.975621e-01
8.700000e-01 1.105000e+00 4.007446e-01 5.969502e-01 8.650000e-01 1.110000e+00 4.009811e-01 5.972507e-01
1.000000e-02 1.115000e+00 4.099826e-01 5.328526e-01 1.500000e-02 1.120000e+00 4.093130e-01 5.340018e-01
1.500000e-02 1.120000e+00 4.093130e-01 5.340018e-01 2.000000e-02 1.125000e+00 4.085746e-01 5.351928e-01
8.550000e-01 1.120000e+00 4.015988e-01 5.979541e-01 8.500000e-01 1.125000e+00 4.019781e-01 5.983609e-01
8.600000e-01 1.115000e+00 4.012964e-01 5.975621e-01 8.550000e-01 1.120000e+00 4.015988e-01 5.979541e-01
2.000000e-02 1.125000e+00 4.085746e-01 5.351928e-01 2.500000e-02 1.130000e+00 4.078796e-01 5.364659e-01
2.500000e-02 1.130000e+00 4.078796e-01 5.364659e-01 3.500000e-02 1.130000e+00 4.100176e-01 5.328077e-01
3.500000e-02 1.130000e+00 4.100176e-01 5.328077e-01 4.000000e-02 1.135000e+00 4.091941e-01 5.341733e-01
8.450000e-01 1.130000e+00 4.023408e-01 5.988485e-01 8.400000e-01 1.135000e+00 4.027781e-01 5.993543e-01
8.500000e-01 1.125000e+00 4.019781e-01 5.983609e-01 8.450000e-01 1.130000e+00 4.023408e-01 5.988485e-01
4.000000e-02 1.135000e+00 4.091941e-01 5.341733e-01 4.500000e-02 1.140000e+00 4.084196e-01 5.356189e-01
4.500000e-02 1.140000e+00 4.084196e-01 5.356189e-01 5.000000e-02 1.145000e+00 4.075856e-01 5.371149e-01
8.350000e-01 1.140000e+00 4.031953e-01 5.999408e-01 8.300000e-01 1.145000e+00 4.036847e-01 6.005492e-01
8.400000e-01 1.135000e+00 4.027781e-01 5.993543e-01 8.350000e-01 1.140000e+00 4.031953e-01 5.999408e-01
5.000000e-02 1.145000e+00 4.075856e-01 5.371149e-01 5.500000e-02 1.150000e+00 4.068032e-01 5.386883e-01
5.500000e-02 1.150000e+00 4.068032e-01 5.386883e-01 6.500000e-02 1.150000e+00 4.085526e-01 5.352633e-01
6.500000e-02 1.150000e+00 4.085526e-01 5.352633e-01 7.000000e-02 1.155000e+00 4.076615e-01 5.369451e-01
8.150000e-01 1.150000e+00 4.010988e-01 5.971154e-01 8.100000e-01 1.155000e+00 4.017032e-01 5.978571e-01
8.150000e-01 1.150000e+00 4.010988e-01 5.971154e-01 8.250000e-01 1.150000e+00 4.041504e-01 6.012377e-01
8.300000e-01 1.145000e+00 4.036847e-01 6.005492e-01 8.250000e-01 1.150000e+00 4.041504e-01 6.012377e-01
7.000000e-02 1.155000e+00 4.076615e-01 5.369451e-01 7.500000e-02 1.160000e+00 4.068270e-01 5.387011e-01
7.500000e-02 1.160000e+00 4.068270e-01 5.387011e-01 8.000000e-02 1.165000e+00 4.059436e-01 5.405146e-01
8.050000e-01 1.160000e+00 4.022782e-01 5.986793e-01 8.000000e-01 1.165000e+00 4.029193e-01 5.995326e-01
8.100000e-01 1.155000e+00 4.017032e-01 5.978571e-01 8.050000e-01 1.160000e+00 4.022782e-01 5.986793e-01
8.000000e-02 1.165000e+00 4.059436e-01 5.405146e-01 8.500000e-02 1.170000e+00 4.051186e-01 5.423994e-01
8.500000e-02 1.170000e+00 4.051186e-01 5.423994e-01 9.500000e-02 1.170000e+00 4.065276e-01 5.392511e-01
9.500000e-02 1.170000e+00 4.065276e-01 5.392511e-01 1.000000e-01 1.175000e+00 4.056160e-01 5.412570e-01
7.950000e-01 1.170000e+00 4.035277e-01 6.004653e-01 7.900000e-01 1.175000e+00 4.041991e-01 6.014323e-01
8.000000e-01 1.165000e+00 4.029193e-01 5.995326e-01 7.950000e-01 1.170000e+00 4.035277e-01 6.004653e-01
1.000000e-01 1.175000e+00 4.056160e-01 5.412570e-01 1.050000e-01 1.180000e+00 4.047667e-01 5.433302e-01
1.050000e-01 1.180000e+00 4.047667e-01 5.433302e-01 1.150000e-01 1.180000e+00 4.059582e-01 5.403645e-01
1.150000e-01 1.180000e+00 4.059582e-01 5.403645e-01 1.200000e-01 1.185000e+00 4.050364e-01 5.425659e-01
7.750000e-01 1.180000e+00 4.023051e-01 5.985568e-01 7.700000e-01 1.185000e+00 4.030590e-01 5.996788e-01
7.750000e-01 1.180000e+00 4.023051e-01 5.985568e-01 7.850000e-01 1.180000e+00 4.048347e-01 6.024774e-01
7.900000e-01 1.175000e+00 4.041991e-01 6.014323e-01 7.850000e-01 1.180000e+00 4.048347e-01 6.024774e-01
1.200000e-01 1.185000e+00 4.050364e-01 5.425659e-01 1.250000e-01 1.190000e+00 4.041802e-01 5.448304e-01
1.250000e-01 1.190000e+00 4.041802e-01 5.448304e-01 1.300000e-01 1.195000e+00 4.032937e-01 5.471609e-01
7.650000e-01 1.190000e+00 4.037718e-01 6.008778e-01 7.600000e-01 1.195000e+00 4.045395e-01 6.021192e-01
7.700000e-01 1.185000e+00 4.030590e-01 5.996788e-01 7.650000e-01 1.190000e+00 4.037718e-01 6.008778e-01
1.300000e-01 1.195000e+00 4.032937e-01 5.471609e-01 1.350000e-01 1.200000e+00 4.024736e-01 5.495512e-01
1.350000e-01 1.200000e+00 4.024736e-01 5.495512e-01 1.450000e-01 1.200000e+00 4.034147e-01 5.469180e-01
1.450000e-01 1.200000e+00 4.034147e-01 5.469180e-01 1.500000e-01 1.205000e+00 4.025460e-01 5.494433e-01
7.450000e-01 1.200000e+00 4.030849e-01 5.997058e-01 7.400000e-01 1.205000e+00 4.039100e-01 6.011143e-01
7.450000e-01 1.200000e+00 4.030849e-01 5.997058e-01 7.550000e-01 1.200000e+00 4.052636e-01 6.034356e-01
7.600000e-01 1.195000e+00 4.045395e-01 6.021192e-01 7.550000e-01 1.200000e+00 4.052636e-01 6.034356e-01
1.500000e-01 1.205000e+00 4.025460e-01 5.494433e-01 1.550000e-01 1.210000e+00 4.017458e-01 5.520236e-01
1.550000e-01 1.210000e+00 4.017458e-01 5.520236e-01 1.650000e-01 1.210000e+00 4.025266e-01 5.496052e-01
1.650000e-01 1.210000e+00 4.025266e-01 5.496052e-01 1.700000e-01 1.215000e+00 4.016928e-01 5.523242e-01
7.250000e-01 1.210000e+00 4.027307e-01 5.989945e-01 7.200000e-01 1.215000e+00 4.035973e-01 6.005772e-01
7.250000e-01 1.210000e+00 4.027307e-01 5.989945e-01 7.350000e-01 1.210000e+00 4.046868e-01 6.025961e-01
7.400000e-01 1.205000e+00 4.039100e-01 6.011143e-01 7.350000e-01 1.210000e+00 4.046868e-01 6.025961e-01
1.700000e-01 1.215000e+00 4.016928e-01 5.523242e-01 1.750000e-01 1.220000e+00 4.009289e-01 5.550933e-01
1.750000e-01 1.220000e+00 4.009289e-01 5.550933e-01 1.850000e-01 1.220000e+00 4.015726e-01 5.528995e-01
1.850000e-01 1.220000e+00 4.015726e-01 5.528995e-01 1.950000e-01 1.220000e+00 4.021112e-01 5.507953e-01
1.950000e-01 1.220000e+00 4.021112e-01 5.507953e-01 2.000000e-01 1.225000e+00 4.013241e-01 5.537771e-01
7.050000e-01 1.220000e+00 4.026627e-01 5.987736e-01 7.000000e-01 1.225000e+00 4.035545e-01 6.005360e-01
7.050000e-01 1.220000e+00 4.026627e-01 5.987736e-01 7.150000e-01 1.220000e+00 4.044113e-01 6.022305e-01
7.200000e-01 1.215000e+00 4.035973e-01 6.005772e-01 7.150000e-01 1.220000e+00 4.044113e-01 6.022305e-01
2.000000e-01 1.225000e+00 4.013241e-01 5.537771e-01 2.050000e-01 1.230000e+00 4.006087e-01 5.568024e-01
2.050000e-01 1.230000e+00 4.006087e-01 5.568024e-01 2.150000e-01 1.230000e+00 4.010435e-01 5.549357e-01
2.150000e-01 1.230000e+00 4.010435e-01 5.549357e-01 2.200000e-01 1.235000e+00 4.003307e-01 5.581041e-01
6.750000e-01 1.230000e+00 4.013894e-01 5.958252e-01 6.700000e-01 1.235000e+00 4.023189e-01 5.978321e-01
6.750000e-01 1.230000e+00 4.013894e-01 5.958252e-01 6.850000e-01 1.230000e+00 4.028318e-01 5.990691e-01
6.850000e-01 1.230000e+00 4.028318e-01 5.990691e-01 6.950000e-01 1.230000e+00 4.043900e-01 6.023660e-01
7.000000e-01 1.225000e+00 4.035545e-01 6.005360e-01 6.950000e-01 1.230000e+00 4.043900e-01 6.023660e-01
2.200000e-01 1.235000e+00 4.003307e-01 5.581041e-01 2.250000e-01 1.240000e+00 3.996893e-01 5.613110e-01
2.250000e-01 1.240000e+00 3.996893e-01 5.613110e-01 2.350000e-01 1.240000e+00 4.000449e-01 5.596861e-01
2.350000e-01 1.240000e+00 4.000449e-01 5.596861e-01 2.450000e-01 1.240000e+00 4.003182e-01 5.581638e-01
2.450000e-01 1.240000e+00 4.003182e-01 5.581638e-01 2.500000e-01 1.245000e+00 3.997075e-01 5.615842e-01
6.550000e-01 1.240000e+00 4.019103e-01 5.968395e-01 6.500000e-01 1.245000e+00 4.028252e-01 5.990350e-01
6.550000e-01 1.240000e+00 4.019103e-01 5.968395e-01 6.650000e-01 1.240000e+00 4.031870e-01 5.999022e-01
6.700000e-01 1.235000e+00 4.023189e-01 5.978321e-01 6.650000e-01 1.240000e+00 4.031870e-01 5.999022e-01
2.500000e-01 1.245000e+00 3.997075e-01 5.615842e-01 2.550000e-01 1.250000e+00 3.991675e-01 5.650362e-01
2.550000e-01 1.250000e+00 3.991675e-01 5.650362e-01 2.650000e-01 1.250000e+00 3.993966e-01 5.637611e-01
2.650000e-01 1.250000e+00 3.993966e-01 5.637611e-01 2.750000e-01 1.250000e+00 3.995580e-01 5.625944e-01
2.750000e-01 1.250000e+00 3.995580e-01 5.625944e-01 2.850000e-01 1.250000e+00 3.996561e-01 5.615384e-01
2.850000e-01 1.250000e+00 3.996561e-01 5.615384e-01 2.900000e-01 1.255000e+00 3.992043e-01 5.652697e-01
6.150000e-01 1.250000e+00 4.005814e-01 5.928957e-01 6.100000e-01 1.255000e+00 4.014869e-01 5.954155e-01
6.150000e-01 1.250000e+00 4.005814e-01 5.928957e-01 6.250000e-01 1.250000e+00 4.015138e-01 5.956211e-01
6.250000e-01 1.250000e+00 4.015138e-01 5.956211e-01 6.350000e-01 1.250000e+00 4.025447e-01 5.984203e-01
6.350000e-01 1.250000e+00 4.025447e-01 5.984203e-01 6.450000e-01 1.250000e+00 4.036762e-01 6.012899e-01
6.500000e-01 1.245000e+00 4.028252e-01 5.990350e-01 6.450000e-01 1.250000e+00 4.036762e-01 6.012899e-01
2.900000e-01 1.255000e+00 3.992043e-01 5.652697e-01 2.950000e-01 1.260000e+00 3.988210e-01 5.690242e-01
2.950000e-01 1.260000e+00 3.988210e-01 5.690242e-01 3.050000e-01 1.260000e+00 3.989205e-01 5.682178e-01
3.050000e-01 1.260000e+00 3.989205e-01 5.682178e-01 3.150000e-01 1.260000e+00 3.989721e-01 5.675254e-01
3.150000e-01 1.260000e+00 3.989721e-01 5.675254e-01 3.250000e-01 1.260000e+00 3.989807e-01 5.669487e-01
3.250000e-01 1.260000e+00 3.989807e-01 5.669487e-01 3.300000e-01 1.265000e+00 3.987361e-01 5.709694e-01
5.750000e-01 1.260000e+00 4.001075e-01 5.907083e-01 5.700000e-01 1.265000e+00 4.009471e-01 5.935587e-01
5.750000e-01 1.260000e+00 4.001075e-01 5.907083e-01 5.850000e-01 1.260000e+00 4.007612e-01 5.930498e-01
5.850000e-01 1.260000e+00 4.007612e-01 5.930498e-01 5.950000e-01 1.260000e+00 4.014991e-01 5.954772e-01
5.950000e-01 1.260000e+00 4.014991e-01 5.954772e-01 6.050000e-01 1.260000e+00 4.023242e-01 5.979877e-01
6.100000e-01 1.255000e+00 4.014869e-01 5.954155e-01 6.050000e-01 1.260000e+00 4.023242e-01 5.979877e-01
3.300000e-01 1.265000e+00 3.987361e-01 5.709694e-01 3.350000e-01 1.270000e+00 3.985558e-01 5.750054e-01
3.350000e-01 1.270000e+00 3.985558e-01 5.750054e-01 3.450000e-01 1.270000e+00 3.986102e-01 5.746733e-01
3.450000e-01 1.270000e+00 3.986102e-01 5.746733e-01 3.550000e-01 1.270000e+00 3.986372e-01 5.744574e-01
3.550000e-01 1.270000e+00 3.986372e-01 5.744574e-01 3.650000e-01 1.270000e+00 3.986419e-01 5.743587e-01
3.650000e-01 1.270000e+00 3.986419e-01 5.743587e-01 3.750000e-01 1.270000e+00 3.986292e-01 5.743776e-01
3.750000e-01 1.270000e+00 3.986292e-01 5.743776e-01 3.850000e-01 1.270000e+00 3.986041e-01 5.745145e-01
3.850000e-01 1.270000e+00 3.986041e-01 5.745145e-01 3.950000e-01 1.270000e+00 3.985718e-01 5.747698e-01
3.950000e-01 1.270000e+00 3.985718e-01 5.747698e-01 4.050000e-01 1.270000e+00 3.985373e-01 5.751434e-01
4.050000e-01 1.270000e+00 3.985373e-01 5.751434e-01 4.100000e-01 1.275000e+00 3.987673e-01 5.796497e-01
5.050000e-01 1.270000e+00 3.991814e-01 5.852415e-01 5.000000e-01 1.275000e+00 3.998283e-01 5.886345e-01
5.050000e-01 1.270000e+00 3.991814e-01 5.852415e-01 5.150000e-01 1.270000e+00 3.994514e-01 5.868599e-01
5.150000e-01 1.270000e+00 3.994514e-01 5.868599e-01 5.250000e-01 1.270000e+00 3.997771e-01 5.885816e-01
5.250000e-01 1.270000e+00 3.997771e-01 5.885816e-01 5.350000e-01 1.270000e+00 4.001625e-01 5.904044e-01
5.350000e-01 1.270000e+00 4.001625e-01 5.904044e-01 5.450000e-01 1.270000e+00 4.006117e-01 5.923257e-01
5.450000e-01 1.270000e+00 4.006117e-01 5.923257e-01 5.550000e-01 1.270000e+00 4.011283e-01 5.943431e-01
5.550000e-01 1.270000e+00 4.011283e-01 5.943431e-01 5.650000e-01 1.270000e+00 4.017163e-01 5.964537e-01
5.700000e-01 1.265000e+00 4.009471e-01 5.935587e-01 5.650000e-01 1.270000e+00 4.017163e-01 5.964537e-01
4.100000e-01 1.275000e+00 3.987673e-01 5.796497e-01 4.150000e-01 1.280000e+00 3.990496e-01 5.841592e-01
4.150000e-01 1.280000e+00 3.990496e-01 5.841592e-01 4.250000e-01 1.280000e+00 3.991420e-01 5.847539e-01
4.250000e-01 1.280000e+00 3.991420e-01 5.847539e-01 4.350000e-01 1.280000e+00 3.992468e-01 5.854627e-01
4.350000e-01 1.280000e+00 3.992468e-01 5.854627e-01 4.450000e-01 1.280000e+00 3.993689e-01 5.862850e-01
4.450000e-01 1.280000e+00 3.993689e-01 5.862850e-01 4.550000e-01 1.280000e+00 3.995131e-01 5.872197e-01
4.550000e-01 1.280000e+00 3.995131e-01 5.872197e-01 4.650000e-01 1.280000e+00 3.996841e-01 5.882659e-01
4.650000e-01 1.280000e+00 3.996841e-01 5.882659e-01 4.750000e-01 1.280000e+00 3.998867e-01 5.894220e-01
4.750000e-01 1.280000e+00 3.998867e-01 5.894220e-01 4.850000e-01 1.280000e+00 4.001253e-01 5.906868e-01
4.850000e-01 1.280000e+00 4.001253e-01 5.906868e-01 4.950000e-01 1.280000e+00 4.004045e-01 5.920586e-01
5.000000e-01 1.275000e+00 3.998283e-01 5.886345e-01 4.950000e-01 1.280000e+00 4.004045e-01 5.920586e-01
