2.550000e-01 -1.700000e-01 3.489315e-01 5.148356e-01 2.500000e-01 -1.650000e-01 3.495529e-01 5.185614e-01
2.550000e-01 -1.700000e-01 3.489315e-01 5.148356e-01 2.650000e-01 -1.700000e-01 3.492186e-01 5.162999e-01
2.650000e-01 -1.700000e-01 3.492186e-01 5.162999e-01 2.750000e-01 -1.700000e-01 3.494615e-01 5.176471e-01
2.750000e-01 -1.700000e-01 3.494615e-01 5.176471e-01 2.850000e-01 -1.700000e-01 3.496651e-01 5.188754e-01
2.850000e-01 -1.700000e-01 3.496651e-01 5.188754e-01 2.950000e-01 -1.700000e-01 3.498343e-01 5.199830e-01
2.950000e-01 -1.700000e-01 3.498343e-01 5.199830e-01 3.050000e-01 -1.700000e-01 3.499745e-01 5.209685e-01
3.050000e-01 -1.700000e-01 3.499745e-01 5.209685e-01 3.150000e-01 -1.700000e-01 3.500907e-01 5.218307e-01
3.150000e-01 -1.700000e-01 3.500907e-01 5.218307e-01 3.250000e-01 -1.700000e-01 3.501882e-01 5.225685e-01
3.250000e-01 -1.700000e-01 3.501882e-01 5.225685e-01 3.350000e-01 -1.700000e-01 3.502726e-01 5.231812e-01
3.350000e-01 -1.700000e-01 3.502726e-01 5.231812e-01 3.450000e-01 -1.700000e-01 3.503490e-01 5.236680e-01
3.450000e-01 -1.700000e-01 3.503490e-01 5.236680e-01 3.500000e-01 -1.650000e-01 3.505662e-01 5.284895e-01
1.850000e-01 -1.600000e-01 3.475901e-01 5.102000e-01 1.800000e-01 -1.550000e-01 3.484229e-01 5.133447e-01
1.850000e-01 -1.600000e-01 3.475901e-01 5.102000e-01 1.950000e-01 -1.600000e-01 3.482148e-01 5.124738e-01
1.950000e-01 -1.600000e-01 3.482148e-01 5.124738e-01 2.050000e-01 -1.600000e-01 3.487617e-01 5.146458e-01
2.050000e-01 -1.600000e-01 3.487617e-01 5.146458e-01 2.150000e-01 -1.600000e-01 3.492345e-01 5.167129e-01
2.150000e-01 -1.600000e-01 3.492345e-01 5.167129e-01 2.250000e-01 -1.600000e-01 3.496377e-01 5.186723e-01
2.250000e-01 -1.600000e-01 3.496377e-01 5.186723e-01 2.350000e-01 -1.600000e-01 3.499755e-01 5.205212e-01
2.350000e-01 -1.600000e-01 3.499755e-01 5.205212e-01 2.450000e-01 -1.600000e-01 3.502524e-01 5.222570e-01
2.500000e-01 -1.650000e-01 3.495529e-01 5.185614e-01 2.450000e-01 -1.600000e-01 3.502524e-01 5.222570e-01
3.500000e-01 -1.650000e-01 3.505662e-01 5.284895e-01 3.550000e-01 -1.600000e-01 3.507241e-01 5.333109e-01
3.550000e-01 -1.600000e-01 3.507241e-01 5.333109e-01 3.650000e-01 -1.600000e-01 3.506727e-01 5.335509e-01
3.650000e-01 -1.600000e-01 3.506727e-01 5.335509e-01 3.750000e-01 -1.600000e-01 3.506299e-01 5.336612e-01
3.750000e-01 -1.600000e-01 3.506299e-01 5.336612e-01 3.850000e-01 -1.600000e-01 3.506010e-01 5.336419e-01
3.850000e-01 -1.600000e-01 3.506010e-01 5.336419e-01 3.950000e-01 -1.600000e-01 3.505918e-01 5.334935e-01
3.950000e-01 -1.600000e-01 3.505918e-01 5.334935e-01 4.050000e-01 -1.600000e-01 3.506077e-01 5.332167e-01
4.050000e-01 -1.600000e-01 3.506077e-01 5.332167e-01 4.150000e-01 -1.600000e-01 3.506541e-01 5.328124e-01
4.150000e-01 -1.600000e-01 3.506541e-01 5.328124e-01 4.200000e-01 -1.550000e-01 3.504300e-01 5.371747e-01
1.450000e-01 -1.500000e-01 3.469624e-01 5.085829e-01 1.400000e-01 -1.450000e-01 3.478695e-01 5.113735e-01
1.450000e-01 -1.500000e-01 3.469624e-01 5.085829e-01 1.550000e-01 -1.500000e-01 3.478472e-01 5.112943e-01
1.550000e-01 -1.500000e-01 3.478472e-01 5.112943e-01 1.650000e-01 -1.500000e-01 3.486365e-01 5.139158e-01
1.650000e-01 -1.500000e-01 3.486365e-01 5.139158e-01 1.750000e-01 -1.500000e-01 3.493338e-01 5.164436e-01
1.800000e-01 -1.550000e-01 3.484229e-01 5.133447e-01 1.750000e-01 -1.500000e-01 3.493338e-01 5.164436e-01
4.200000e-01 -1.550000e-01 3.504300e-01 5.371747e-01 4.250000e-01 -1.500000e-01 3.501348e-01 5.415241e-01
4.250000e-01 -1.500000e-01 3.501348e-01 5.415241e-01 4.350000e-01 -1.500000e-01 3.501323e-01 5.408504e-01
4.350000e-01 -1.500000e-01 3.501323e-01 5.408504e-01 4.450000e-01 -1.500000e-01 3.501776e-01 5.400501e-01
4.450000e-01 -1.500000e-01 3.501776e-01 5.400501e-01 4.550000e-01 -1.500000e-01 3.502760e-01 5.391250e-01
4.550000e-01 -1.500000e-01 3.502760e-01 5.391250e-01 4.650000e-01 -1.500000e-01 3.504325e-01 5.380771e-01
4.650000e-01 -1.500000e-01 3.504325e-01 5.380771e-01 4.700000e-01 -1.450000e-01 3.499581e-01 5.420568e-01
1.050000e-01 -1.400000e-01 3.455176e-01 5.050300e-01 1.000000e-01 -1.350000e-01 3.464388e-01 5.074722e-01
1.050000e-01 -1.400000e-01 3.455176e-01 5.050300e-01 1.150000e-01 -1.400000e-01 3.467383e-01 5.081338e-01
1.150000e-01 -1.400000e-01 3.467383e-01 5.081338e-01 1.250000e-01 -1.400000e-01 3.478491e-01 5.111614e-01
1.250000e-01 -1.400000e-01 3.478491e-01 5.111614e-01 1.350000e-01 -1.400000e-01 3.488522e-01 5.141092e-01
1.400000e-01 -1.450000e-01 3.478695e-01 5.113735e-01 1.350000e-01 -1.400000e-01 3.488522e-01 5.141092e-01
4.700000e-01 -1.450000e-01 3.499581e-01 5.420568e-01 4.750000e-01 -1.400000e-01 3.494075e-01 5.460127e-01
4.750000e-01 -1.400000e-01 3.494075e-01 5.460127e-01 4.850000e-01 -1.400000e-01 3.495762e-01 5.446914e-01
4.850000e-01 -1.400000e-01 3.495762e-01 5.446914e-01 4.950000e-01 -1.400000e-01 3.498198e-01 5.432517e-01
4.950000e-01 -1.400000e-01 3.498198e-01 5.432517e-01 5.000000e-01 -1.350000e-01 3.492038e-01 5.469751e-01
8.500000e-02 -1.300000e-01 3.460502e-01 5.065360e-01 8.000000e-02 -1.250000e-01 3.469898e-01 5.087764e-01
8.500000e-02 -1.300000e-01 3.460502e-01 5.065360e-01 9.500000e-02 -1.300000e-01 3.474307e-01 5.098516e-01
1.000000e-01 -1.350000e-01 3.464388e-01 5.074722e-01 9.500000e-02 -1.300000e-01 3.474307e-01 5.098516e-01
5.000000e-01 -1.350000e-01 3.492038e-01 5.469751e-01 5.050000e-01 -1.300000e-01 3.485093e-01 5.506672e-01
5.050000e-01 -1.300000e-01 3.485093e-01 5.506672e-01 5.150000e-01 -1.300000e-01 3.488035e-01 5.489552e-01
5.150000e-01 -1.300000e-01 3.488035e-01 5.489552e-01 5.250000e-01 -1.300000e-01 3.491885e-01 5.471314e-01
5.250000e-01 -1.300000e-01 3.491885e-01 5.471314e-01 5.300000e-01 -1.250000e-01 3.484625e-01 5.505863e-01
5.500000e-02 -1.200000e-01 3.447452e-01 5.038648e-01 5.000000e-02 -1.150000e-01 3.456481e-01 5.058417e-01
5.500000e-02 -1.200000e-01 3.447452e-01 5.038648e-01 6.500000e-02 -1.200000e-01 3.464346e-01 5.074353e-01
6.500000e-02 -1.200000e-01 3.464346e-01 5.074353e-01 7.500000e-02 -1.200000e-01 3.479975e-01 5.109494e-01
8.000000e-02 -1.250000e-01 3.469898e-01 5.087764e-01 7.500000e-02 -1.200000e-01 3.479975e-01 5.109494e-01
5.300000e-01 -1.250000e-01 3.484625e-01 5.505863e-01 5.350000e-01 -1.200000e-01 3.476573e-01 5.540023e-01
5.350000e-01 -1.200000e-01 3.476573e-01 5.540023e-01 5.450000e-01 -1.200000e-01 3.481314e-01 5.519122e-01
5.450000e-01 -1.200000e-01 3.481314e-01 5.519122e-01 5.550000e-01 -1.200000e-01 3.487112e-01 5.497189e-01
5.550000e-01 -1.200000e-01 3.487112e-01 5.497189e-01 5.600000e-01 -1.150000e-01 3.479094e-01 5.528977e-01
3.500000e-02 -1.100000e-01 3.447147e-01 5.040010e-01 3.000000e-02 -1.050000e-01 3.455934e-01 5.057849e-01
3.500000e-02 -1.100000e-01 3.447147e-01 5.040010e-01 4.500000e-02 -1.100000e-01 3.466133e-01 5.077464e-01
5.000000e-02 -1.150000e-01 3.456481e-01 5.058417e-01 4.500000e-02 -1.100000e-01 3.466133e-01 5.077464e-01
5.600000e-01 -1.150000e-01 3.479094e-01 5.528977e-01 5.650000e-01 -1.100000e-01 3.470291e-01 5.560297e-01
5.650000e-01 -1.100000e-01 3.470291e-01 5.560297e-01 5.750000e-01 -1.100000e-01 3.477354e-01 5.535813e-01
5.750000e-01 -1.100000e-01 3.477354e-01 5.535813e-01 5.800000e-01 -1.050000e-01 3.468776e-01 5.565570e-01
1.500000e-02 -1.000000e-01 3.444038e-01 5.035900e-01 1.000000e-02 -9.500000e-02 3.452409e-01 5.051862e-01
1.500000e-02 -1.000000e-01 3.444038e-01 5.035900e-01 2.500000e-02 -1.000000e-01 3.465302e-01 5.074929e-01
3.000000e-02 -1.050000e-01 3.455934e-01 5.057849e-01 2.500000e-02 -1.000000e-01 3.465302e-01 5.074929e-01
5.800000e-01 -1.050000e-01 3.468776e-01 5.565570e-01 5.850000e-01 -1.000000e-01 3.459420e-01 5.594800e-01
5.850000e-01 -1.000000e-01 3.459420e-01 5.594800e-01 5.950000e-01 -1.000000e-01 3.468011e-01 5.567849e-01
5.950000e-01 -1.000000e-01 3.468011e-01 5.567849e-01 6.000000e-01 -9.500000e-02 3.459045e-01 5.595540e-01
-5.000000e-03 -9.000000e-02 3.437606e-01 5.026615e-01 -1.000000e-02 -8.500000e-02 3.445392e-01 5.040770e-01
-5.000000e-03 -9.000000e-02 3.437606e-01 5.026615e-01 5.000000e-03 -9.000000e-02 3.461315e-01 5.067035e-01
1.000000e-02 -9.500000e-02 3.452409e-01 5.051862e-01 5.000000e-03 -9.000000e-02 3.461315e-01 5.067035e-01
6.000000e-01 -9.500000e-02 3.459045e-01 5.595540e-01 6.050000e-01 -9.000000e-02 3.449318e-01 5.622650e-01
6.050000e-01 -9.000000e-02 3.449318e-01 5.622650e-01 6.150000e-01 -9.000000e-02 3.459692e-01 5.593340e-01
6.150000e-01 -9.000000e-02 3.459692e-01 5.593340e-01 6.200000e-01 -8.500000e-02 3.450520e-01 5.618949e-01
-1.500000e-02 -8.000000e-02 3.453660e-01 5.054113e-01 -2.000000e-02 -7.500000e-02 3.461318e-01 5.066988e-01
-1.000000e-02 -8.500000e-02 3.445392e-01 5.040770e-01 -1.500000e-02 -8.000000e-02 3.453660e-01 5.054113e-01
6.200000e-01 -8.500000e-02 3.450520e-01 5.618949e-01 6.250000e-01 -8.000000e-02 3.440611e-01 5.643924e-01
6.250000e-01 -8.000000e-02 3.440611e-01 5.643924e-01 6.350000e-01 -8.000000e-02 3.453011e-01 5.612389e-01
6.350000e-01 -8.000000e-02 3.453011e-01 5.612389e-01 6.400000e-01 -7.500000e-02 3.443820e-01 5.635918e-01
-3.500000e-02 -7.000000e-02 3.441863e-01 5.036533e-01 -4.000000e-02 -6.500000e-02 3.448666e-01 5.047727e-01
-3.500000e-02 -7.000000e-02 3.441863e-01 5.036533e-01 -2.500000e-02 -7.000000e-02 3.469430e-01 5.079030e-01
-2.000000e-02 -7.500000e-02 3.461318e-01 5.066988e-01 -2.500000e-02 -7.000000e-02 3.469430e-01 5.079030e-01
6.400000e-01 -7.500000e-02 3.443820e-01 5.635918e-01 6.450000e-01 -7.000000e-02 3.433923e-01 5.658761e-01
6.450000e-01 -7.000000e-02 3.433923e-01 5.658761e-01 6.550000e-01 -7.000000e-02 3.448577e-01 5.625156e-01
6.550000e-01 -7.000000e-02 3.448577e-01 5.625156e-01 6.600000e-01 -6.500000e-02 3.439554e-01 5.646625e-01
-4.500000e-02 -6.000000e-02 3.455863e-01 5.058073e-01 -5.000000e-02 -5.500000e-02 3.462362e-01 5.068043e-01
-4.000000e-02 -6.500000e-02 3.448666e-01 5.047727e-01 -4.500000e-02 -6.000000e-02 3.455863e-01 5.058073e-01
6.600000e-01 -6.500000e-02 3.439554e-01 5.646625e-01 6.650000e-01 -6.000000e-02 3.429865e-01 5.667360e-01
6.650000e-01 -6.000000e-02 3.429865e-01 5.667360e-01 6.700000e-01 -5.500000e-02 3.420676e-01 5.687438e-01
-5.500000e-02 -5.000000e-02 3.469222e-01 5.077149e-01 -6.000000e-02 -4.500000e-02 3.475351e-01 5.085915e-01
-5.000000e-02 -5.500000e-02 3.462362e-01 5.068043e-01 -5.500000e-02 -5.000000e-02 3.469222e-01 5.077149e-01
6.700000e-01 -5.500000e-02 3.420676e-01 5.687438e-01 6.750000e-01 -5.000000e-02 3.410839e-01 5.706747e-01
6.750000e-01 -5.000000e-02 3.410839e-01 5.706747e-01 6.850000e-01 -5.000000e-02 3.429027e-01 5.669978e-01
6.850000e-01 -5.000000e-02 3.429027e-01 5.669978e-01 6.900000e-01 -4.500000e-02 3.420311e-01 5.688040e-01
-7.500000e-02 -4.000000e-02 3.448498e-01 5.049120e-01 -8.000000e-02 -3.500000e-02 3.453418e-01 5.056429e-01
-7.500000e-02 -4.000000e-02 3.448498e-01 5.049120e-01 -6.500000e-02 -4.000000e-02 3.481803e-01 5.093805e-01
-6.000000e-02 -4.500000e-02 3.475351e-01 5.085915e-01 -6.500000e-02 -4.000000e-02 3.481803e-01 5.093805e-01
6.900000e-01 -4.500000e-02 3.420311e-01 5.688040e-01 6.950000e-01 -4.000000e-02 3.410997e-01 5.705294e-01
6.950000e-01 -4.000000e-02 3.410997e-01 5.705294e-01 7.000000e-01 -3.500000e-02 3.402302e-01 5.721963e-01
-8.500000e-02 -3.000000e-02 3.458597e-01 5.062864e-01 -9.000000e-02 -2.500000e-02 3.462981e-01 5.069061e-01
-8.000000e-02 -3.500000e-02 3.453418e-01 5.056429e-01 -8.500000e-02 -3.000000e-02 3.458597e-01 5.062864e-01
7.000000e-01 -3.500000e-02 3.402302e-01 5.721963e-01 7.050000e-01 -3.000000e-02 3.393036e-01 5.737792e-01
7.050000e-01 -3.000000e-02 3.393036e-01 5.737792e-01 7.150000e-01 -3.000000e-02 3.415310e-01 5.698311e-01
7.150000e-01 -3.000000e-02 3.415310e-01 5.698311e-01 7.200000e-01 -2.500000e-02 3.407390e-01 5.713058e-01
-9.500000e-02 -2.000000e-02 3.467583e-01 5.074379e-01 -1.000000e-01 -1.500000e-02 3.471363e-01 5.079499e-01
-9.000000e-02 -2.500000e-02 3.462981e-01 5.069061e-01 -9.500000e-02 -2.000000e-02 3.467583e-01 5.074379e-01
7.200000e-01 -2.500000e-02 3.407390e-01 5.713058e-01 7.250000e-01 -2.000000e-02 3.398959e-01 5.726936e-01
7.250000e-01 -2.000000e-02 3.398959e-01 5.726936e-01 7.300000e-01 -1.500000e-02 3.391251e-01 5.740319e-01
-1.050000e-01 -1.000000e-02 3.475322e-01 5.083738e-01 -1.100000e-01 -5.000000e-03 3.478436e-01 5.087821e-01
-1.000000e-01 -1.500000e-02 3.471363e-01 5.079499e-01 -1.050000e-01 -1.000000e-02 3.475322e-01 5.083738e-01
7.300000e-01 -1.500000e-02 3.391251e-01 5.740319e-01 7.350000e-01 -1.000000e-02 3.383067e-01 5.752809e-01
7.350000e-01 -1.000000e-02 3.383067e-01 5.752809e-01 7.400000e-01 -5.000000e-03 3.375648e-01 5.764840e-01
-1.150000e-01 1.066855e-16 3.481685e-01 5.091022e-01 -1.200000e-01 5.000000e-03 3.484070e-01 5.094109e-01
-1.100000e-01 -5.000000e-03 3.478436e-01 5.087821e-01 -1.150000e-01 1.066855e-16 3.481685e-01 5.091022e-01
7.400000e-01 -5.000000e-03 3.375648e-01 5.764840e-01 7.450000e-01 1.066855e-16 3.367788e-01 5.775952e-01
7.450000e-01 1.066855e-16 3.367788e-01 5.775952e-01 7.550000e-01 1.066855e-16 3.396190e-01 5.733435e-01
7.550000e-01 1.066855e-16 3.396190e-01 5.733435e-01 7.600000e-01 5.000000e-03 3.389947e-01 5.743735e-01
-1.250000e-01 1.000000e-02 3.486548e-01 5.096318e-01 -1.300000e-01 1.500000e-02 3.488143e-01 5.098455e-01
-1.200000e-01 5.000000e-03 3.484070e-01 5.094109e-01 -1.250000e-01 1.000000e-02 3.486548e-01 5.096318e-01
7.600000e-01 5.000000e-03 3.389947e-01 5.743735e-01 7.650000e-01 1.000000e-02 3.383333e-01 5.753105e-01
7.650000e-01 1.000000e-02 3.383333e-01 5.753105e-01 7.700000e-01 1.500000e-02 3.377565e-01 5.762125e-01
-1.350000e-01 2.000000e-02 3.489789e-01 5.099721e-01 -1.400000e-01 2.500000e-02 3.490537e-01 5.100959e-01
-1.300000e-01 1.500000e-02 3.488143e-01 5.098455e-01 -1.350000e-01 2.000000e-02 3.489789e-01 5.099721e-01
7.700000e-01 1.500000e-02 3.377565e-01 5.762125e-01 7.750000e-01 2.000000e-02 3.371469e-01 5.770199e-01
7.750000e-01 2.000000e-02 3.371469e-01 5.770199e-01 7.800000e-01 2.500000e-02 3.366251e-01 5.777966e-01
-1.450000e-01 3.000000e-02 3.491293e-01 5.101334e-01 -1.500000e-01 3.500000e-02 3.491140e-01 5.101724e-01
-1.400000e-01 2.500000e-02 3.490537e-01 5.100959e-01 -1.450000e-01 3.000000e-02 3.491293e-01 5.101334e-01
7.800000e-01 2.500000e-02 3.366251e-01 5.777966e-01 7.850000e-01 3.000000e-02 3.360747e-01 5.784774e-01
7.850000e-01 3.000000e-02 3.360747e-01 5.784774e-01 7.900000e-01 3.500000e-02 3.356153e-01 5.791318e-01
-1.550000e-01 4.000000e-02 3.490950e-01 5.101265e-01 -1.600000e-01 4.500000e-02 3.489844e-01 5.100863e-01
-1.500000e-01 3.500000e-02 3.491140e-01 5.101724e-01 -1.550000e-01 4.000000e-02 3.490950e-01 5.101265e-01
7.900000e-01 3.500000e-02 3.356153e-01 5.791318e-01 7.950000e-01 4.000000e-02 3.351317e-01 5.796894e-01
7.950000e-01 4.000000e-02 3.351317e-01 5.796894e-01 8.000000e-01 4.500000e-02 3.347416e-01 5.802253e-01
-1.650000e-01 5.000000e-02 3.488658e-01 5.099627e-01 -1.700000e-01 5.500000e-02 3.486551e-01 5.098492e-01
-1.600000e-01 4.500000e-02 3.489844e-01 5.100863e-01 -1.650000e-01 5.000000e-02 3.488658e-01 5.099627e-01
8.000000e-01 4.500000e-02 3.347416e-01 5.802253e-01 8.050000e-01 5.000000e-02 3.343323e-01 5.806636e-01
8.050000e-01 5.000000e-02 3.343323e-01 5.806636e-01 8.100000e-01 5.500000e-02 3.340186e-01 5.810850e-01
-1.700000e-01 5.500000e-02 3.486551e-01 5.098492e-01 -1.700000e-01 6.500000e-02 3.532874e-01 5.140910e-01
8.100000e-01 5.500000e-02 3.340186e-01 5.810850e-01 8.150000e-01 6.000000e-02 3.336905e-01 5.814086e-01
8.150000e-01 6.000000e-02 3.336905e-01 5.814086e-01 8.200000e-01 6.500000e-02 3.334601e-01 5.817201e-01
-1.750000e-01 7.000000e-02 3.530497e-01 5.138136e-01 -1.800000e-01 7.500000e-02 3.527179e-01 5.135531e-01
-1.700000e-01 6.500000e-02 3.532874e-01 5.140910e-01 -1.750000e-01 7.000000e-02 3.530497e-01 5.138136e-01
8.200000e-01 6.500000e-02 3.334601e-01 5.817201e-01 8.250000e-01 7.000000e-02 3.332201e-01 5.819339e-01
8.250000e-01 7.000000e-02 3.332201e-01 5.819339e-01 8.300000e-01 7.500000e-02 3.330795e-01 5.821405e-01
-1.850000e-01 8.000000e-02 3.523673e-01 5.132127e-01 -1.900000e-01 8.500000e-02 3.519228e-01 5.128933e-01
-1.800000e-01 7.500000e-02 3.527179e-01 5.135531e-01 -1.850000e-01 8.000000e-02 3.523673e-01 5.132127e-01
8.300000e-01 7.500000e-02 3.330795e-01 5.821405e-01 8.350000e-01 8.000000e-02 3.329342e-01 5.822497e-01
8.350000e-01 8.000000e-02 3.329342e-01 5.822497e-01 8.400000e-01 8.500000e-02 3.328895e-01 5.823568e-01
-1.900000e-01 8.500000e-02 3.519228e-01 5.128933e-01 -1.900000e-01 9.500000e-02 3.565003e-01 5.166770e-01
8.400000e-01 8.500000e-02 3.328895e-01 5.823568e-01 8.450000e-01 9.000000e-02 3.328451e-01 5.823673e-01
8.450000e-01 9.000000e-02 3.328451e-01 5.823673e-01 8.500000e-01 9.500000e-02 3.329022e-01 5.823807e-01
-1.950000e-01 1.000000e-01 3.560070e-01 5.162029e-01 -2.000000e-01 1.050000e-01 3.554193e-01 5.157566e-01
-1.900000e-01 9.500000e-02 3.565003e-01 5.166770e-01 -1.950000e-01 1.000000e-01 3.560070e-01 5.162029e-01
8.500000e-01 9.500000e-02 3.329022e-01 5.823807e-01 8.550000e-01 1.000000e-01 3.329646e-01 5.822987e-01
8.550000e-01 1.000000e-01 3.329646e-01 5.822987e-01 8.600000e-01 1.050000e-01 3.331289e-01 5.822244e-01
-2.050000e-01 1.100000e-01 3.548018e-01 5.152359e-01 -2.100000e-01 1.150000e-01 3.540910e-01 5.147468e-01
-2.000000e-01 1.050000e-01 3.554193e-01 5.157566e-01 -2.050000e-01 1.100000e-01 3.548018e-01 5.152359e-01
8.600000e-01 1.050000e-01 3.331289e-01 5.822244e-01 8.600000e-01 1.150000e-01 3.285366e-01 5.864804e-01
-2.100000e-01 1.150000e-01 3.540910e-01 5.147468e-01 -2.100000e-01 1.250000e-01 3.585570e-01 5.180922e-01
8.600000e-01 1.150000e-01 3.285366e-01 5.864804e-01 8.650000e-01 1.200000e-01 3.287243e-01 5.862173e-01
8.650000e-01 1.200000e-01 3.287243e-01 5.862173e-01 8.700000e-01 1.250000e-01 3.290160e-01 5.859699e-01
-2.150000e-01 1.300000e-01 3.577763e-01 5.174615e-01 -2.200000e-01 1.350000e-01 3.569027e-01 5.168688e-01
-2.100000e-01 1.250000e-01 3.585570e-01 5.180922e-01 -2.150000e-01 1.300000e-01 3.577763e-01 5.174615e-01
8.700000e-01 1.250000e-01 3.290160e-01 5.859699e-01 8.750000e-01 1.300000e-01 3.293258e-01 5.856296e-01
8.750000e-01 1.300000e-01 3.293258e-01 5.856296e-01 8.800000e-01 1.350000e-01 3.297393e-01 5.853097e-01
-2.200000e-01 1.350000e-01 3.569027e-01 5.168688e-01 -2.200000e-01 1.450000e-01 3.612886e-01 5.199350e-01
8.800000e-01 1.350000e-01 3.297393e-01 5.853097e-01 8.850000e-01 1.400000e-01 3.301756e-01 5.848995e-01
8.850000e-01 1.400000e-01 3.301756e-01 5.848995e-01 8.900000e-01 1.450000e-01 3.307148e-01 5.845145e-01
-2.250000e-01 1.500000e-01 3.603323e-01 5.192093e-01 -2.300000e-01 1.550000e-01 3.592845e-01 5.185280e-01
-2.200000e-01 1.450000e-01 3.612886e-01 5.199350e-01 -2.250000e-01 1.500000e-01 3.603323e-01 5.192093e-01
8.900000e-01 1.450000e-01 3.307148e-01 5.845145e-01 8.950000e-01 1.500000e-01 3.312816e-01 5.840419e-01
8.950000e-01 1.500000e-01 3.312816e-01 5.840419e-01 9.000000e-01 1.550000e-01 3.319500e-01 5.835990e-01
-2.300000e-01 1.550000e-01 3.592845e-01 5.185280e-01 -2.300000e-01 1.650000e-01 3.635686e-01 5.213248e-01
9.000000e-01 1.550000e-01 3.319500e-01 5.835990e-01 9.000000e-01 1.650000e-01 3.275192e-01 5.869747e-01
-2.350000e-01 1.700000e-01 3.624259e-01 5.205205e-01 -2.400000e-01 1.750000e-01 3.611936e-01 5.197665e-01
-2.300000e-01 1.650000e-01 3.635686e-01 5.213248e-01 -2.350000e-01 1.700000e-01 3.624259e-01 5.205205e-01
9.000000e-01 1.650000e-01 3.275192e-01 5.869747e-01 9.050000e-01 1.700000e-01 3.282548e-01 5.863628e-01
9.050000e-01 1.700000e-01 3.282548e-01 5.863628e-01 9.100000e-01 1.750000e-01 3.290917e-01 5.857884e-01
-2.400000e-01 1.750000e-01 3.611936e-01 5.197665e-01 -2.400000e-01 1.850000e-01 3.653547e-01 5.223059e-01
9.100000e-01 1.750000e-01 3.290917e-01 5.857884e-01 9.150000e-01 1.800000e-01 3.299681e-01 5.851332e-01
9.150000e-01 1.800000e-01 3.299681e-01 5.851332e-01 9.200000e-01 1.850000e-01 3.309436e-01 5.845194e-01
-2.450000e-01 1.900000e-01 3.640163e-01 5.214403e-01 -2.500000e-01 1.950000e-01 3.625909e-01 5.206304e-01
-2.400000e-01 1.850000e-01 3.653547e-01 5.223059e-01 -2.450000e-01 1.900000e-01 3.640163e-01 5.214403e-01
9.200000e-01 1.850000e-01 3.309436e-01 5.845194e-01 9.200000e-01 1.950000e-01 3.266727e-01 5.874084e-01
-2.500000e-01 1.950000e-01 3.625909e-01 5.206304e-01 -2.500000e-01 2.050000e-01 3.666086e-01 5.229270e-01
9.200000e-01 1.950000e-01 3.266727e-01 5.874084e-01 9.250000e-01 2.000000e-01 3.277386e-01 5.866415e-01
9.250000e-01 2.000000e-01 3.277386e-01 5.866415e-01 9.300000e-01 2.050000e-01 3.289017e-01 5.859232e-01
-2.550000e-01 2.100000e-01 3.650666e-01 5.220181e-01 -2.600000e-01 2.150000e-01 3.634410e-01 5.211699e-01
-2.500000e-01 2.050000e-01 3.666086e-01 5.229270e-01 -2.550000e-01 2.100000e-01 3.650666e-01 5.220181e-01
9.300000e-01 2.050000e-01 3.289017e-01 5.859232e-01 9.350000e-01 2.100000e-01 3.301153e-01 5.851330e-01
9.350000e-01 2.100000e-01 3.301153e-01 5.851330e-01 9.400000e-01 2.150000e-01 3.314233e-01 5.843949e-01
-2.600000e-01 2.150000e-01 3.634410e-01 5.211699e-01 -2.600000e-01 2.250000e-01 3.672963e-01 5.232404e-01
9.400000e-01 2.150000e-01 3.314233e-01 5.843949e-01 9.400000e-01 2.250000e-01 3.273730e-01 5.868337e-01
-2.600000e-01 2.250000e-01 3.672963e-01 5.232404e-01 -2.600000e-01 2.350000e-01 3.711037e-01 5.251796e-01
9.400000e-01 2.250000e-01 3.273730e-01 5.868337e-01 9.450000e-01 2.300000e-01 3.287919e-01 5.859621e-01
9.450000e-01 2.300000e-01 3.287919e-01 5.859621e-01 9.500000e-01 2.350000e-01 3.303021e-01 5.851491e-01
-2.650000e-01 2.400000e-01 3.692854e-01 5.242065e-01 -2.700000e-01 2.450000e-01 3.673883e-01 5.233008e-01
-2.600000e-01 2.350000e-01 3.711037e-01 5.251796e-01 -2.650000e-01 2.400000e-01 3.692854e-01 5.242065e-01
9.500000e-01 2.350000e-01 3.303021e-01 5.851491e-01 9.500000e-01 2.450000e-01 3.264019e-01 5.873002e-01
-2.700000e-01 2.450000e-01 3.673883e-01 5.233008e-01 -2.700000e-01 2.550000e-01 3.710064e-01 5.250382e-01
9.500000e-01 2.450000e-01 3.264019e-01 5.873002e-01 9.550000e-01 2.500000e-01 3.280350e-01 5.863666e-01
9.550000e-01 2.500000e-01 3.280350e-01 5.863666e-01 9.600000e-01 2.550000e-01 3.297554e-01 5.854973e-01
-2.700000e-01 2.550000e-01 3.710064e-01 5.250382e-01 -2.700000e-01 2.650000e-01 3.745636e-01 5.266509e-01
9.600000e-01 2.550000e-01 3.297554e-01 5.854973e-01 9.600000e-01 2.650000e-01 3.260277e-01 5.873772e-01
-2.750000e-01 2.700000e-01 3.724552e-01 5.256500e-01 -2.800000e-01 2.750000e-01 3.702740e-01 5.247221e-01
-2.700000e-01 2.650000e-01 3.745636e-01 5.266509e-01 -2.750000e-01 2.700000e-01 3.724552e-01 5.256500e-01
9.600000e-01 2.650000e-01 3.260277e-01 5.873772e-01 9.650000e-01 2.700000e-01 3.278820e-01 5.864016e-01
9.650000e-01 2.700000e-01 3.278820e-01 5.864016e-01 9.700000e-01 2.750000e-01 3.298190e-01 5.854954e-01
-2.800000e-01 2.750000e-01 3.702740e-01 5.247221e-01 -2.800000e-01 2.850000e-01 3.736177e-01 5.261614e-01
9.700000e-01 2.750000e-01 3.298190e-01 5.854954e-01 9.700000e-01 2.850000e-01 3.262847e-01 5.871231e-01
-2.800000e-01 2.850000e-01 3.736177e-01 5.261614e-01 -2.800000e-01 2.950000e-01 3.768879e-01 5.274849e-01
9.700000e-01 2.850000e-01 3.262847e-01 5.871231e-01 9.750000e-01 2.900000e-01 3.283649e-01 5.861260e-01
9.750000e-01 2.900000e-01 3.283649e-01 5.861260e-01 9.800000e-01 2.950000e-01 3.305228e-01 5.852027e-01
-2.850000e-01 3.000000e-01 3.744808e-01 5.264938e-01 -2.900000e-01 3.050000e-01 3.720076e-01 5.255801e-01
-2.800000e-01 2.950000e-01 3.768879e-01 5.274849e-01 -2.850000e-01 3.000000e-01 3.744808e-01 5.264938e-01
9.800000e-01 2.950000e-01 3.305228e-01 5.852027e-01 9.800000e-01 3.050000e-01 3.272010e-01 5.865996e-01
-2.900000e-01 3.050000e-01 3.720076e-01 5.255801e-01 -2.900000e-01 3.150000e-01 3.750438e-01 5.267620e-01
9.800000e-01 3.050000e-01 3.272010e-01 5.865996e-01 9.850000e-01 3.100000e-01 3.295099e-01 5.856017e-01
9.850000e-01 3.100000e-01 3.295099e-01 5.856017e-01 9.900000e-01 3.150000e-01 3.318906e-01 5.846810e-01
-2.900000e-01 3.150000e-01 3.750438e-01 5.267620e-01 -2.900000e-01 3.250000e-01 3.779950e-01 5.278390e-01
9.900000e-01 3.150000e-01 3.318906e-01 5.846810e-01 9.900000e-01 3.250000e-01 3.287984e-01 5.858705e-01
-2.900000e-01 3.250000e-01 3.779950e-01 5.278390e-01 -2.900000e-01 3.350000e-01 3.808571e-01 5.288138e-01
9.900000e-01 3.250000e-01 3.287984e-01 5.858705e-01 9.950000e-01 3.300000e-01 3.313364e-01 5.848923e-01
9.950000e-01 3.300000e-01 3.313364e-01 5.848923e-01 1.000000e+00 3.350000e-01 3.339402e-01 5.839939e-01
-2.900000e-01 3.350000e-01 3.808571e-01 5.288138e-01 -2.900000e-01 3.450000e-01 3.836261e-01 5.296895e-01
1.000000e+00 3.350000e-01 3.339402e-01 5.839939e-01 1.000000e+00 3.450000e-01 3.310919e-01 5.850011e-01
-2.950000e-01 3.500000e-01 3.807523e-01 5.287435e-01 -3.000000e-01 3.550000e-01 3.778240e-01 5.278797e-01
-2.900000e-01 3.450000e-01 3.836261e-01 5.296895e-01 -2.950000e-01 3.500000e-01 3.807523e-01 5.287435e-01
1.000000e+00 3.450000e-01 3.310919e-01 5.850011e-01 1.000000e+00 3.550000e-01 3.283346e-01 5.858804e-01
-3.000000e-01 3.550000e-01 3.778240e-01 5.278797e-01 -3.000000e-01 3.650000e-01 3.803306e-01 5.286684e-01
1.000000e+00 3.550000e-01 3.283346e-01 5.858804e-01 1.005000e+00 3.600000e-01 3.311836e-01 5.849268e-01
1.005000e+00 3.600000e-01 3.311836e-01 5.849268e-01 1.010000e+00 3.650000e-01 3.340900e-01 5.840565e-01
-3.000000e-01 3.650000e-01 3.803306e-01 5.286684e-01 -3.000000e-01 3.750000e-01 3.827348e-01 5.293718e-01
1.010000e+00 3.650000e-01 3.340900e-01 5.840565e-01 1.010000e+00 3.750000e-01 3.315963e-01 5.847894e-01
-3.000000e-01 3.750000e-01 3.827348e-01 5.293718e-01 -3.000000e-01 3.850000e-01 3.850332e-01 5.299936e-01
1.010000e+00 3.750000e-01 3.315963e-01 5.847894e-01 1.015000e+00 3.800000e-01 3.346700e-01 5.839033e-01
1.015000e+00 3.800000e-01 3.346700e-01 5.839033e-01 1.020000e+00 3.850000e-01 3.377944e-01 5.831010e-01
-3.000000e-01 3.850000e-01 3.850332e-01 5.299936e-01 -3.000000e-01 3.950000e-01 3.872225e-01 5.305379e-01
1.020000e+00 3.850000e-01 3.377944e-01 5.831010e-01 1.020000e+00 3.950000e-01 3.355726e-01 5.837155e-01
-3.000000e-01 3.950000e-01 3.872225e-01 5.305379e-01 -3.000000e-01 4.050000e-01 3.892993e-01 5.310088e-01
1.020000e+00 3.950000e-01 3.355726e-01 5.837155e-01 1.020000e+00 4.050000e-01 3.334601e-01 5.842257e-01
-3.000000e-01 4.050000e-01 3.892993e-01 5.310088e-01 -3.000000e-01 4.150000e-01 3.912608e-01 5.314108e-01
1.020000e+00 4.050000e-01 3.334601e-01 5.842257e-01 1.020000e+00 4.150000e-01 3.314612e-01 5.846355e-01
-3.000000e-01 4.150000e-01 3.912608e-01 5.314108e-01 -3.000000e-01 4.250000e-01 3.931040e-01 5.317484e-01
1.020000e+00 4.150000e-01 3.314612e-01 5.846355e-01 1.025000e+00 4.200000e-01 3.349237e-01 5.838516e-01
1.025000e+00 4.200000e-01 3.349237e-01 5.838516e-01 1.030000e+00 4.250000e-01 3.384258e-01 5.831524e-01
-3.000000e-01 4.250000e-01 3.931040e-01 5.317484e-01 -3.000000e-01 4.350000e-01 3.948262e-01 5.320264e-01
1.030000e+00 4.250000e-01 3.384258e-01 5.831524e-01 1.030000e+00 4.350000e-01 3.367140e-01 5.834949e-01
-3.000000e-01 4.350000e-01 3.948262e-01 5.320264e-01 -3.000000e-01 4.450000e-01 3.964248e-01 5.322497e-01
1.030000e+00 4.350000e-01 3.367140e-01 5.834949e-01 1.030000e+00 4.450000e-01 3.351239e-01 5.837531e-01
-3.000000e-01 4.450000e-01 3.964248e-01 5.322497e-01 -3.000000e-01 4.550000e-01 3.978974e-01 5.324235e-01
1.030000e+00 4.450000e-01 3.351239e-01 5.837531e-01 1.035000e+00 4.500000e-01 3.388776e-01 5.831100e-01
1.035000e+00 4.500000e-01 3.388776e-01 5.831100e-01 1.040000e+00 4.550000e-01 3.426622e-01 5.825497e-01
-3.050000e-01 4.600000e-01 3.940480e-01 5.318161e-01 -3.100000e-01 4.650000e-01 3.901715e-01 5.312906e-01
-3.000000e-01 4.550000e-01 3.978974e-01 5.324235e-01 -3.050000e-01 4.600000e-01 3.940480e-01 5.318161e-01
1.040000e+00 4.550000e-01 3.426622e-01 5.825497e-01 1.040000e+00 4.650000e-01 3.413624e-01 5.827813e-01
-3.100000e-01 4.650000e-01 3.901715e-01 5.312906e-01 -3.100000e-01 4.750000e-01 3.913530e-01 5.315103e-01
1.040000e+00 4.650000e-01 3.413624e-01 5.827813e-01 1.040000e+00 4.750000e-01 3.401901e-01 5.829459e-01
-3.100000e-01 4.750000e-01 3.913530e-01 5.315103e-01 -3.100000e-01 4.850000e-01 3.924062e-01 5.316981e-01
1.040000e+00 4.750000e-01 3.401901e-01 5.829459e-01 1.040000e+00 4.850000e-01 3.391478e-01 5.830485e-01
-3.100000e-01 4.850000e-01 3.924062e-01 5.316981e-01 -3.050000e-01 4.900000e-01 3.974443e-01 5.322403e-01
-3.050000e-01 4.900000e-01 3.974443e-01 5.322403e-01 -3.000000e-01 4.950000e-01 4.024882e-01 5.327294e-01
1.040000e+00 4.850000e-01 3.391478e-01 5.830485e-01 1.040000e+00 4.950000e-01 3.382379e-01 5.830944e-01
-3.000000e-01 4.950000e-01 4.024882e-01 5.327294e-01 -3.000000e-01 5.050000e-01 4.033029e-01 5.327362e-01
1.040000e+00 4.950000e-01 3.382379e-01 5.830944e-01 1.045000e+00 5.000000e-01 3.424256e-01 5.827041e-01
1.045000e+00 5.000000e-01 3.424256e-01 5.827041e-01 1.050000e+00 5.050000e-01 3.466313e-01 5.823916e-01
-3.000000e-01 5.050000e-01 4.033029e-01 5.327362e-01 -3.000000e-01 5.150000e-01 4.039818e-01 5.327265e-01
1.050000e+00 5.050000e-01 3.466313e-01 5.823916e-01 1.050000e+00 5.150000e-01 3.460106e-01 5.824757e-01
-3.000000e-01 5.150000e-01 4.039818e-01 5.327265e-01 -3.000000e-01 5.250000e-01 4.045243e-01 5.327061e-01
3.550000e-01 5.200000e-01 6.327461e-01 1.001502e+00 3.500000e-01 5.250000e-01 7.015056e-01 9.528979e-01
3.550000e-01 5.200000e-01 6.327461e-01 1.001502e+00 3.650000e-01 5.200000e-01 5.183248e-01 1.052248e+00
3.650000e-01 5.200000e-01 5.183248e-01 1.052248e+00 3.750000e-01 5.200000e-01 3.770544e-01 1.077104e+00
3.750000e-01 5.200000e-01 3.770544e-01 1.077104e+00 3.850000e-01 5.200000e-01 2.353497e-01 1.064187e+00
3.850000e-01 5.200000e-01 2.353497e-01 1.064187e+00 3.950000e-01 5.200000e-01 1.200165e-01 1.022852e+00
3.950000e-01 5.200000e-01 1.200165e-01 1.022852e+00 4.000000e-01 5.250000e-01 5.416908e-02 9.814764e-01
1.050000e+00 5.150000e-01 3.460106e-01 5.824757e-01 1.050000e+00 5.250000e-01 3.455240e-01 5.825213e-01
-3.000000e-01 5.250000e-01 4.045243e-01 5.327061e-01 -3.000000e-01 5.350000e-01 4.049298e-01 5.326809e-01
3.450000e-01 5.300000e-01 7.747392e-01 8.827804e-01 3.400000e-01 5.350000e-01 8.254299e-01 8.164166e-01
3.500000e-01 5.250000e-01 7.015056e-01 9.528979e-01 3.450000e-01 5.300000e-01 7.747392e-01 8.827804e-01
4.000000e-01 5.250000e-01 5.416908e-02 9.814764e-01 4.050000e-01 5.300000e-01 -1.836231e-02 9.193991e-01
4.050000e-01 5.300000e-01 -1.836231e-02 9.193991e-01 4.100000e-01 5.350000e-01 -6.890064e-02 8.583336e-01
1.050000e+00 5.250000e-01 3.455240e-01 5.825213e-01 1.050000e+00 5.350000e-01 3.451729e-01 5.825340e-01
-3.000000e-01 5.350000e-01 4.049298e-01 5.326809e-01 -3.000000e-01 5.450000e-01 4.051980e-01 5.326565e-01
3.400000e-01 5.350000e-01 8.254299e-01 8.164166e-01 3.400000e-01 5.450000e-01 8.780608e-01 7.089316e-01
4.100000e-01 5.350000e-01 -6.890064e-02 8.583336e-01 4.150000e-01 5.400000e-01 -1.101414e-01 7.817582e-01
4.150000e-01 5.400000e-01 -1.101414e-01 7.817582e-01 4.200000e-01 5.450000e-01 -1.358154e-01 7.187014e-01
1.050000e+00 5.350000e-01 3.451729e-01 5.825340e-01 1.050000e+00 5.450000e-01 3.449585e-01 5.825193e-01
-3.000000e-01 5.450000e-01 4.051980e-01 5.326565e-01 -3.000000e-01 5.550000e-01 4.053289e-01 5.326390e-01
3.350000e-01 5.500000e-01 8.969883e-01 6.280911e-01 3.300000e-01 5.550000e-01 9.076849e-01 5.655037e-01
3.400000e-01 5.450000e-01 8.780608e-01 7.089316e-01 3.350000e-01 5.500000e-01 8.969883e-01 6.280911e-01
4.200000e-01 5.450000e-01 -1.358154e-01 7.187014e-01 4.200000e-01 5.550000e-01 -1.549675e-01 6.080593e-01
1.050000e+00 5.450000e-01 3.449585e-01 5.825193e-01 1.050000e+00 5.550000e-01 3.448815e-01 5.824831e-01
-3.000000e-01 5.550000e-01 4.053289e-01 5.326390e-01 -3.000000e-01 5.650000e-01 4.053227e-01 5.326340e-01
3.300000e-01 5.550000e-01 9.076849e-01 5.655037e-01 3.300000e-01 5.650000e-01 9.021980e-01 4.563583e-01
4.200000e-01 5.550000e-01 -1.549675e-01 6.080593e-01 4.200000e-01 5.650000e-01 -1.478473e-01 4.902339e-01
1.050000e+00 5.550000e-01 3.448815e-01 5.824831e-01 1.050000e+00 5.650000e-01 3.449426e-01 5.824312e-01
-3.000000e-01 5.650000e-01 4.053227e-01 5.326340e-01 -3.000000e-01 5.750000e-01 4.051798e-01 5.326474e-01
3.300000e-01 5.650000e-01 9.021980e-01 4.563583e-01 3.350000e-01 5.700000e-01 8.858040e-01 3.954705e-01
3.350000e-01 5.700000e-01 8.858040e-01 3.954705e-01 3.400000e-01 5.750000e-01 8.584572e-01 3.190908e-01
4.150000e-01 5.700000e-01 -1.273620e-01 4.213392e-01 4.100000e-01 5.750000e-01 -9.231034e-02 3.331157e-01
4.200000e-01 5.650000e-01 -1.478473e-01 4.902339e-01 4.150000e-01 5.700000e-01 -1.273620e-01 4.213392e-01
1.050000e+00 5.650000e-01 3.449426e-01 5.824312e-01 1.055000e+00 5.700000e-01 3.496539e-01 5.825001e-01
1.055000e+00 5.700000e-01 3.496539e-01 5.825001e-01 1.060000e+00 5.750000e-01 3.543680e-01 5.826347e-01
-3.000000e-01 5.750000e-01 4.051798e-01 5.326474e-01 -3.000000e-01 5.850000e-01 4.049009e-01 5.326850e-01
3.400000e-01 5.750000e-01 8.584572e-01 3.190908e-01 3.400000e-01 5.850000e-01 8.069448e-01 2.359523e-01
4.100000e-01 5.750000e-01 -9.231034e-02 3.331157e-01 4.100000e-01 5.850000e-01 -2.963522e-02 2.404753e-01
1.060000e+00 5.750000e-01 3.543680e-01 5.826347e-01 1.060000e+00 5.850000e-01 3.546969e-01 5.827055e-01
-3.000000e-01 5.850000e-01 4.049009e-01 5.326850e-01 -3.000000e-01 5.950000e-01 4.044871e-01 5.327523e-01
3.400000e-01 5.850000e-01 8.069448e-01 2.359523e-01 3.450000e-01 5.900000e-01 7.597046e-01 1.830915e-01
3.450000e-01 5.900000e-01 7.597046e-01 1.830915e-01 3.550000e-01 5.900000e-01 6.882732e-01 1.251515e-01
3.550000e-01 5.900000e-01 6.882732e-01 1.251515e-01 3.600000e-01 5.950000e-01 6.057685e-01 8.228055e-02
3.950000e-01 5.900000e-01 1.193185e-01 1.146488e-01 3.900000e-01 5.950000e-01 2.134940e-01 7.327530e-02
3.950000e-01 5.900000e-01 1.193185e-01 1.146488e-01 4.050000e-01 5.900000e-01 2.843937e-02 1.807074e-01
4.100000e-01 5.850000e-01 -2.963522e-02 2.404753e-01 4.050000e-01 5.900000e-01 2.843937e-02 1.807074e-01
1.060000e+00 5.850000e-01 3.546969e-01 5.827055e-01 1.060000e+00 5.950000e-01 3.551603e-01 5.827781e-01
-3.000000e-01 5.950000e-01 4.044871e-01 5.327523e-01 -2.950000e-01 6.000000e-01 4.088115e-01 5.325298e-01
-2.950000e-01 6.000000e-01 4.088115e-01 5.325298e-01 -2.900000e-01 6.050000e-01 4.131219e-01 5.322318e-01
3.600000e-01 5.950000e-01 6.057685e-01 8.228055e-02 3.650000e-01 6.000000e-01 5.379246e-01 5.583063e-02
3.650000e-01 6.000000e-01 5.379246e-01 5.583063e-02 3.750000e-01 6.000000e-01 4.161795e-01 3.755746e-02
3.750000e-01 6.000000e-01 4.161795e-01 3.755746e-02 3.850000e-01 6.000000e-01 2.879585e-01 4.880366e-02
3.900000e-01 5.950000e-01 2.134940e-01 7.327530e-02 3.850000e-01 6.000000e-01 2.879585e-01 4.880366e-02
1.060000e+00 5.950000e-01 3.551603e-01 5.827781e-01 1.060000e+00 6.050000e-01 3.557577e-01 5.828580e-01
-2.900000e-01 6.050000e-01 4.131219e-01 5.322318e-01 -2.900000e-01 6.150000e-01 4.124219e-01 5.322418e-01
1.060000e+00 6.050000e-01 3.557577e-01 5.828580e-01 1.060000e+00 6.150000e-01 3.564886e-01 5.829509e-01
-2.900000e-01 6.150000e-01 4.124219e-01 5.322418e-01 -2.900000e-01 6.250000e-01 4.115876e-01 5.322997e-01
1.060000e+00 6.150000e-01 3.564886e-01 5.829509e-01 1.060000e+00 6.250000e-01 3.573520e-01 5.830625e-01
-2.900000e-01 6.250000e-01 4.115876e-01 5.322997e-01 -2.900000e-01 6.350000e-01 4.106208e-01 5.324110e-01
1.060000e+00 6.250000e-01 3.573520e-01 5.830625e-01 1.060000e+00 6.350000e-01 3.583469e-01 5.831981e-01
-2.900000e-01 6.350000e-01 4.106208e-01 5.324110e-01 -2.900000e-01 6.450000e-01 4.095238e-01 5.325809e-01
1.060000e+00 6.350000e-01 3.583469e-01 5.831981e-01 1.060000e+00 6.450000e-01 3.594719e-01 5.833634e-01
-2.900000e-01 6.450000e-01 4.095238e-01 5.325809e-01 -2.850000e-01 6.500000e-01 4.134391e-01 5.320855e-01
-2.850000e-01 6.500000e-01 4.134391e-01 5.320855e-01 -2.800000e-01 6.550000e-01 4.173277e-01 5.315083e-01
1.060000e+00 6.450000e-01 3.594719e-01 5.833634e-01 1.060000e+00 6.550000e-01 3.607254e-01 5.835636e-01
-2.800000e-01 6.550000e-01 4.173277e-01 5.315083e-01 -2.800000e-01 6.650000e-01 4.159391e-01 5.316852e-01
1.060000e+00 6.550000e-01 3.607254e-01 5.835636e-01 1.060000e+00 6.650000e-01 3.621057e-01 5.838041e-01
-2.800000e-01 6.650000e-01 4.159391e-01 5.316852e-01 -2.800000e-01 6.750000e-01 4.144250e-01 5.319383e-01
1.060000e+00 6.650000e-01 3.621057e-01 5.838041e-01 1.060000e+00 6.750000e-01 3.636109e-01 5.840900e-01
-2.800000e-01 6.750000e-01 4.144250e-01 5.319383e-01 -2.800000e-01 6.850000e-01 4.127883e-01 5.322725e-01
1.060000e+00 6.750000e-01 3.636109e-01 5.840900e-01 1.060000e+00 6.850000e-01 3.652386e-01 5.844263e-01
-2.800000e-01 6.850000e-01 4.127883e-01 5.322725e-01 -2.750000e-01 6.900000e-01 4.163440e-01 5.316046e-01
-2.750000e-01 6.900000e-01 4.163440e-01 5.316046e-01 -2.700000e-01 6.950000e-01 4.198619e-01 5.308525e-01
1.060000e+00 6.850000e-01 3.652386e-01 5.844263e-01 1.060000e+00 6.950000e-01 3.669866e-01 5.848179e-01
-2.700000e-01 6.950000e-01 4.198619e-01 5.308525e-01 -2.700000e-01 7.050000e-01 4.179381e-01 5.312464e-01
1.060000e+00 6.950000e-01 3.669866e-01 5.848179e-01 1.060000e+00 7.050000e-01 3.688523e-01 5.852696e-01
-2.700000e-01 7.050000e-01 4.179381e-01 5.312464e-01 -2.700000e-01 7.150000e-01 4.158995e-01 5.317377e-01
1.055000e+00 7.100000e-01 3.654364e-01 5.845376e-01 1.050000e+00 7.150000e-01 3.620612e-01 5.837215e-01
1.060000e+00 7.050000e-01 3.688523e-01 5.852696e-01 1.055000e+00 7.100000e-01 3.654364e-01 5.845376e-01
-2.700000e-01 7.150000e-01 4.158995e-01 5.317377e-01 -2.650000e-01 7.200000e-01 4.191636e-01 5.309595e-01
-2.650000e-01 7.200000e-01 4.191636e-01 5.309595e-01 -2.600000e-01 7.250000e-01 4.223809e-01 5.300966e-01
1.050000e+00 7.150000e-01 3.620612e-01 5.837215e-01 1.050000e+00 7.250000e-01 3.642098e-01 5.841949e-01
-2.600000e-01 7.250000e-01 4.223809e-01 5.300966e-01 -2.600000e-01 7.350000e-01 4.200631e-01 5.306880e-01
1.050000e+00 7.250000e-01 3.642098e-01 5.841949e-01 1.050000e+00 7.350000e-01 3.664699e-01 5.847447e-01
-2.600000e-01 7.350000e-01 4.200631e-01 5.306880e-01 -2.600000e-01 7.450000e-01 4.176405e-01 5.313916e-01
1.050000e+00 7.350000e-01 3.664699e-01 5.847447e-01 1.050000e+00 7.450000e-01 3.688381e-01 5.853750e-01
-2.600000e-01 7.450000e-01 4.176405e-01 5.313916e-01 -2.550000e-01 7.500000e-01 4.206052e-01 5.305398e-01
-2.550000e-01 7.500000e-01 4.206052e-01 5.305398e-01 -2.500000e-01 7.550000e-01 4.235141e-01 5.296047e-01
1.050000e+00 7.450000e-01 3.688381e-01 5.853750e-01 1.050000e+00 7.550000e-01 3.713112e-01 5.860897e-01
-2.500000e-01 7.550000e-01 4.235141e-01 5.296047e-01 -2.500000e-01 7.650000e-01 4.208258e-01 5.304473e-01
1.050000e+00 7.550000e-01 3.713112e-01 5.860897e-01 1.050000e+00 7.650000e-01 3.738854e-01 5.868925e-01
-2.500000e-01 7.650000e-01 4.208258e-01 5.304473e-01 -2.500000e-01 7.750000e-01 4.180444e-01 5.314152e-01
1.050000e+00 7.650000e-01 3.738854e-01 5.868925e-01 1.050000e+00 7.750000e-01 3.765574e-01 5.877870e-01
-2.500000e-01 7.750000e-01 4.180444e-01 5.314152e-01 -2.450000e-01 7.800000e-01 4.207072e-01 5.305284e-01
-2.450000e-01 7.800000e-01 4.207072e-01 5.305284e-01 -2.400000e-01 7.850000e-01 4.233060e-01 5.295613e-01
1.045000e+00 7.800000e-01 3.737654e-01 5.868990e-01 1.040000e+00 7.850000e-01 3.710314e-01 5.859298e-01
1.050000e+00 7.750000e-01 3.765574e-01 5.877870e-01 1.045000e+00 7.800000e-01 3.737654e-01 5.868990e-01
-2.400000e-01 7.850000e-01 4.233060e-01 5.295613e-01 -2.400000e-01 7.950000e-01 4.202775e-01 5.307046e-01
1.040000e+00 7.850000e-01 3.710314e-01 5.859298e-01 1.040000e+00 7.950000e-01 3.739584e-01 5.869283e-01
-2.400000e-01 7.950000e-01 4.202775e-01 5.307046e-01 -2.350000e-01 8.000000e-01 4.227178e-01 5.297905e-01
-2.350000e-01 8.000000e-01 4.227178e-01 5.297905e-01 -2.300000e-01 8.050000e-01 4.250879e-01 5.287985e-01
1.040000e+00 7.950000e-01 3.739584e-01 5.869283e-01 1.040000e+00 8.050000e-01 3.769728e-01 5.880314e-01
-2.300000e-01 8.050000e-01 4.250879e-01 5.287985e-01 -2.300000e-01 8.150000e-01 4.218261e-01 5.301426e-01
1.040000e+00 8.050000e-01 3.769728e-01 5.880314e-01 1.040000e+00 8.150000e-01 3.800706e-01 5.892417e-01
-2.300000e-01 8.150000e-01 4.218261e-01 5.301426e-01 -2.250000e-01 8.200000e-01 4.240434e-01 5.292206e-01
-2.250000e-01 8.200000e-01 4.240434e-01 5.292206e-01 -2.200000e-01 8.250000e-01 4.261847e-01 5.282240e-01
1.035000e+00 8.200000e-01 3.776538e-01 5.883135e-01 1.030000e+00 8.250000e-01 3.753044e-01 5.873083e-01
1.040000e+00 8.150000e-01 3.800706e-01 5.892417e-01 1.035000e+00 8.200000e-01 3.776538e-01 5.883135e-01
-2.200000e-01 8.250000e-01 4.261847e-01 5.282240e-01 -2.200000e-01 8.350000e-01 4.227059e-01 5.297928e-01
1.030000e+00 8.250000e-01 3.753044e-01 5.873083e-01 1.030000e+00 8.350000e-01 3.786336e-01 5.886667e-01
-2.200000e-01 8.350000e-01 4.227059e-01 5.297928e-01 -2.150000e-01 8.400000e-01 4.247019e-01 5.288828e-01
-2.150000e-01 8.400000e-01 4.247019e-01 5.288828e-01 -2.100000e-01 8.450000e-01 4.266165e-01 5.279022e-01
1.030000e+00 8.350000e-01 3.786336e-01 5.886667e-01 1.030000e+00 8.450000e-01 3.820344e-01 5.901429e-01
-2.100000e-01 8.450000e-01 4.266165e-01 5.279022e-01 -2.100000e-01 8.550000e-01 4.229393e-01 5.297175e-01
1.030000e+00 8.450000e-01 3.820344e-01 5.901429e-01 1.030000e+00 8.550000e-01 3.855026e-01 5.917387e-01
-2.100000e-01 8.550000e-01 4.229393e-01 5.297175e-01 -2.050000e-01 8.600000e-01 4.247176e-01 5.288392e-01
-2.050000e-01 8.600000e-01 4.247176e-01 5.288392e-01 -2.000000e-01 8.650000e-01 4.264098e-01 5.278953e-01
1.025000e+00 8.600000e-01 3.834484e-01 5.908317e-01 1.020000e+00 8.650000e-01 3.814695e-01 5.898545e-01
1.030000e+00 8.550000e-01 3.855026e-01 5.917387e-01 1.025000e+00 8.600000e-01 3.834484e-01 5.908317e-01
-2.000000e-01 8.650000e-01 4.264098e-01 5.278953e-01 -2.000000e-01 8.750000e-01 4.225545e-01 5.299768e-01
1.020000e+00 8.650000e-01 3.814695e-01 5.898545e-01 1.020000e+00 8.750000e-01 3.851391e-01 5.916366e-01
-2.000000e-01 8.750000e-01 4.225545e-01 5.299768e-01 -1.950000e-01 8.800000e-01 4.241210e-01 5.291497e-01
-1.950000e-01 8.800000e-01 4.241210e-01 5.291497e-01 -1.900000e-01 8.850000e-01 4.255971e-01 5.282625e-01
1.020000e+00 8.750000e-01 3.851391e-01 5.916366e-01 1.020000e+00 8.850000e-01 3.888633e-01 5.935460e-01
-1.900000e-01 8.850000e-01 4.255971e-01 5.282625e-01 -1.900000e-01 8.950000e-01 4.215859e-01 5.306273e-01
1.015000e+00 8.900000e-01 3.870865e-01 5.926776e-01 1.010000e+00 8.950000e-01 3.853903e-01 5.917452e-01
1.020000e+00 8.850000e-01 3.888633e-01 5.935460e-01 1.015000e+00 8.900000e-01 3.870865e-01 5.926776e-01
-1.900000e-01 8.950000e-01 4.215859e-01 5.306273e-01 -1.850000e-01 9.000000e-01 4.229479e-01 5.298702e-01
-1.850000e-01 9.000000e-01 4.229479e-01 5.298702e-01 -1.800000e-01 9.050000e-01 4.242165e-01 5.290593e-01
1.010000e+00 8.950000e-01 3.853903e-01 5.917452e-01 1.010000e+00 9.050000e-01 3.892907e-01 5.938672e-01
-1.800000e-01 9.050000e-01 4.242165e-01 5.290593e-01 -1.750000e-01 9.100000e-01 4.254328e-01 5.283188e-01
-1.750000e-01 9.100000e-01 4.254328e-01 5.283188e-01 -1.700000e-01 9.150000e-01 4.265525e-01 5.275278e-01
1.005000e+00 9.100000e-01 3.877184e-01 5.930240e-01 1.000000e+00 9.150000e-01 3.862307e-01 5.921211e-01
1.010000e+00 9.050000e-01 3.892907e-01 5.938672e-01 1.005000e+00 9.100000e-01 3.877184e-01 5.930240e-01
-1.700000e-01 9.150000e-01 4.265525e-01 5.275278e-01 -1.700000e-01 9.250000e-01 4.223110e-01 5.303365e-01
1.000000e+00 9.150000e-01 3.862307e-01 5.921211e-01 1.000000e+00 9.250000e-01 3.902891e-01 5.944740e-01
-1.700000e-01 9.250000e-01 4.223110e-01 5.303365e-01 -1.650000e-01 9.300000e-01 4.233368e-01 5.296960e-01
-1.650000e-01 9.300000e-01 4.233368e-01 5.296960e-01 -1.600000e-01 9.350000e-01 4.242639e-01 5.290121e-01
1.000000e+00 9.250000e-01 3.902891e-01 5.944740e-01 1.000000e+00 9.350000e-01 3.943796e-01 5.969633e-01
-1.600000e-01 9.350000e-01 4.242639e-01 5.290121e-01 -1.550000e-01 9.400000e-01 4.251496e-01 5.284078e-01
-1.550000e-01 9.400000e-01 4.251496e-01 5.284078e-01 -1.500000e-01 9.450000e-01 4.259344e-01 5.277641e-01
9.950000e-01 9.400000e-01 3.930592e-01 5.962169e-01 9.900000e-01 9.450000e-01 3.918266e-01 5.954187e-01
1.000000e+00 9.350000e-01 3.943796e-01 5.969633e-01 9.950000e-01 9.400000e-01 3.930592e-01 5.962169e-01
-1.500000e-01 9.450000e-01 4.259344e-01 5.277641e-01 -1.500000e-01 9.550000e-01 4.215227e-01 5.310549e-01
9.900000e-01 9.450000e-01 3.918266e-01 5.954187e-01 9.900000e-01 9.550000e-01 3.960462e-01 5.981577e-01
-1.500000e-01 9.550000e-01 4.215227e-01 5.310549e-01 -1.450000e-01 9.600000e-01 4.222364e-01 5.305782e-01
-1.450000e-01 9.600000e-01 4.222364e-01 5.305782e-01 -1.400000e-01 9.650000e-01 4.228484e-01 5.300697e-01
9.850000e-01 9.600000e-01 3.949116e-01 5.974771e-01 9.800000e-01 9.650000e-01 3.938670e-01 5.967505e-01
9.900000e-01 9.550000e-01 3.960462e-01 5.981577e-01 9.850000e-01 9.600000e-01 3.949116e-01 5.974771e-01
-1.400000e-01 9.650000e-01 4.228484e-01 5.300697e-01 -1.350000e-01 9.700000e-01 4.234310e-01 5.296480e-01
-1.350000e-01 9.700000e-01 4.234310e-01 5.296480e-01 -1.300000e-01 9.750000e-01 4.239106e-01 5.291990e-01
9.750000e-01 9.700000e-01 3.928669e-01 5.960874e-01 9.700000e-01 9.750000e-01 3.919589e-01 5.953814e-01
9.800000e-01 9.650000e-01 3.938670e-01 5.967505e-01 9.750000e-01 9.700000e-01 3.928669e-01 5.960874e-01
-1.300000e-01 9.750000e-01 4.239106e-01 5.291990e-01 -1.250000e-01 9.800000e-01 4.243654e-01 5.288397e-01
-1.250000e-01 9.800000e-01 4.243654e-01 5.288397e-01 -1.200000e-01 9.850000e-01 4.247162e-01 5.284580e-01
9.700000e-01 9.750000e-01 3.919589e-01 5.953814e-01 9.700000e-01 9.850000e-01 3.963698e-01 5.985147e-01
-1.200000e-01 9.850000e-01 4.247162e-01 5.284580e-01 -1.200000e-01 9.950000e-01 4.201563e-01 5.324386e-01
9.650000e-01 9.900000e-01 3.955413e-01 5.979443e-01 9.600000e-01 9.950000e-01 3.948060e-01 5.973374e-01
9.700000e-01 9.850000e-01 3.963698e-01 5.985147e-01 9.650000e-01 9.900000e-01 3.955413e-01 5.979443e-01
-1.200000e-01 9.950000e-01 4.201563e-01 5.324386e-01 -1.150000e-01 1.000000e+00 4.204700e-01 5.322406e-01
-1.150000e-01 1.000000e+00 4.204700e-01 5.322406e-01 -1.100000e-01 1.005000e+00 4.206811e-01 5.320280e-01
9.600000e-01 9.950000e-01 3.948060e-01 5.973374e-01 9.600000e-01 1.005000e+00 3.992917e-01 6.007523e-01
-1.100000e-01 1.005000e+00 4.206811e-01 5.320280e-01 -1.050000e-01 1.010000e+00 4.208800e-01 5.319089e-01
-1.050000e-01 1.010000e+00 4.208800e-01 5.319089e-01 -1.000000e-01 1.015000e+00 4.209763e-01 5.317800e-01
9.550000e-01 1.010000e+00 3.986229e-01 6.002893e-01 9.500000e-01 1.015000e+00 3.980478e-01 5.997963e-01
9.600000e-01 1.005000e+00 3.992917e-01 6.007523e-01 9.550000e-01 1.010000e+00 3.986229e-01 6.002893e-01
-1.000000e-01 1.015000e+00 4.209763e-01 5.317800e-01 -9.500000e-02 1.020000e+00 4.210654e-01 5.317464e-01
-9.500000e-02 1.020000e+00 4.210654e-01 5.317464e-01 -9.000000e-02 1.025000e+00 4.210521e-01 5.317079e-01
9.450000e-01 1.020000e+00 3.975007e-01 5.993785e-01 9.400000e-01 1.025000e+00 3.970481e-01 5.989348e-01
9.500000e-01 1.015000e+00 3.980478e-01 5.997963e-01 9.450000e-01 1.020000e+00 3.975007e-01 5.993785e-01
-9.000000e-02 1.025000e+00 4.210521e-01 5.317079e-01 -8.500000e-02 1.030000e+00 4.210366e-01 5.317660e-01
-8.500000e-02 1.030000e+00 4.210366e-01 5.317660e-01 -8.000000e-02 1.035000e+00 4.209197e-01 5.318243e-01
9.400000e-01 1.025000e+00 3.970481e-01 5.989348e-01 9.400000e-01 1.035000e+00 4.016362e-01 6.027914e-01
-8.000000e-02 1.035000e+00 4.209197e-01 5.318243e-01 -7.500000e-02 1.040000e+00 4.208054e-01 5.319801e-01
-7.500000e-02 1.040000e+00 4.208054e-01 5.319801e-01 -7.000000e-02 1.045000e+00 4.205908e-01 5.321411e-01
9.350000e-01 1.040000e+00 4.012288e-01 6.025039e-01 9.300000e-01 1.045000e+00 4.009152e-01 6.021971e-01
9.400000e-01 1.035000e+00 4.016362e-01 6.027914e-01 9.350000e-01 1.040000e+00 4.012288e-01 6.025039e-01
-7.000000e-02 1.045000e+00 4.205908e-01 5.321411e-01 -6.500000e-02 1.050000e+00 4.203839e-01 5.324002e-01
-6.500000e-02 1.050000e+00 4.203839e-01 5.324002e-01 -6.000000e-02 1.055000e+00 4.200780e-01 5.326694e-01
9.250000e-01 1.050000e+00 4.006187e-01 6.019708e-01 9.200000e-01 1.055000e+00 4.004159e-01 6.017294e-01
9.300000e-01 1.045000e+00 4.009152e-01 6.021971e-01 9.250000e-01 1.050000e+00 4.006187e-01 6.019708e-01
-6.000000e-02 1.055000e+00 4.200780e-01 5.326694e-01 -5.500000e-02 1.060000e+00 4.197849e-01 5.330370e-01
-5.500000e-02 1.060000e+00 4.197849e-01 5.330370e-01 -5.000000e-02 1.065000e+00 4.193947e-01 5.334197e-01
9.150000e-01 1.060000e+00 4.002262e-01 6.015707e-01 9.100000e-01 1.065000e+00 4.001299e-01 6.014011e-01
9.200000e-01 1.055000e+00 4.004159e-01 6.017294e-01 9.150000e-01 1.060000e+00 4.002262e-01 6.015707e-01
-5.000000e-02 1.065000e+00 4.193947e-01 5.334197e-01 -4.500000e-02 1.070000e+00 4.190220e-01 5.339004e-01
-4.500000e-02 1.070000e+00 4.190220e-01 5.339004e-01 -4.000000e-02 1.075000e+00 4.185545e-01 5.344011e-01
9.100000e-01 1.065000e+00 4.001299e-01 6.014011e-01 9.100000e-01 1.075000e+00 4.047833e-01 6.058844e-01
-4.000000e-02 1.075000e+00 4.185545e-01 5.344011e-01 -3.500000e-02 1.080000e+00 4.181094e-01 5.349994e-01
-3.500000e-02 1.080000e+00 4.181094e-01 5.349994e-01 -3.000000e-02 1.085000e+00 4.175719e-01 5.356224e-01
9.050000e-01 1.080000e+00 4.047020e-01 6.058832e-01 9.000000e-01 1.085000e+00 4.047117e-01 6.058778e-01
9.100000e-01 1.075000e+00 4.047833e-01 6.058844e-01 9.050000e-01 1.080000e+00 4.047020e-01 6.058832e-01
-3.000000e-02 1.085000e+00 4.175719e-01 5.356224e-01 -2.500000e-02 1.090000e+00 4.170613e-01 5.363422e-01
-2.500000e-02 1.090000e+00 4.170613e-01 5.363422e-01 -2.000000e-02 1.095000e+00 4.164613e-01 5.370911e-01
8.950000e-01 1.090000e+00 4.047234e-01 6.059577e-01 8.900000e-01 1.095000e+00 4.048252e-01 6.060378e-01
9.000000e-01 1.085000e+00 4.047117e-01 6.058778e-01 8.950000e-01 1.090000e+00 4.047234e-01 6.059577e-01
-2.000000e-02 1.095000e+00 4.164613e-01 5.370911e-01 -1.500000e-02 1.100000e+00 4.158927e-01 5.379356e-01
-1.500000e-02 1.100000e+00 4.158927e-01 5.379356e-01 -1.000000e-02 1.105000e+00 4.152378e-01 5.388136e-01
8.850000e-01 1.100000e+00 4.049246e-01 6.062041e-01 8.800000e-01 1.105000e+00 4.051129e-01 6.063750e-01
8.900000e-01 1.095000e+00 4.048252e-01 6.060378e-01 8.850000e-01 1.100000e+00 4.049246e-01 6.062041e-01
-1.000000e-02 1.105000e+00 4.152378e-01 5.388136e-01 -5.000000e-03 1.110000e+00 4.146185e-01 5.397857e-01
-5.000000e-03 1.110000e+00 4.146185e-01 5.397857e-01 1.066855e-16 1.115000e+00 4.139164e-01 5.407956e-01
8.750000e-01 1.110000e+00 4.052945e-01 6.066329e-01 8.700000e-01 1.115000e+00 4.055635e-01 6.068997e-01
8.800000e-01 1.105000e+00 4.051129e-01 6.063750e-01 8.750000e-01 1.110000e+00 4.052945e-01 6.066329e-01
1.066855e-16 1.115000e+00 4.139164e-01 5.407956e-01 5.000000e-03 1.120000e+00 4.132540e-01 5.418977e-01
5.000000e-03 1.120000e+00 4.132540e-01 5.418977e-01 1.500000e-02 1.120000e+00 4.159791e-01 5.376888e-01
1.500000e-02 1.120000e+00 4.159791e-01 5.376888e-01 2.000000e-02 1.125000e+00 4.151591e-01 5.388772e-01
8.650000e-01 1.120000e+00 4.058214e-01 6.072540e-01 8.600000e-01 1.125000e+00 4.061649e-01 6.076214e-01
8.700000e-01 1.115000e+00 4.055635e-01 6.068997e-01 8.650000e-01 1.120000e+00 4.058214e-01 6.072540e-01
2.000000e-02 1.125000e+00 4.151591e-01 5.388772e-01 2.500000e-02 1.130000e+00 4.143856e-01 5.401565e-01
2.500000e-02 1.130000e+00 4.143856e-01 5.401565e-01 3.000000e-02 1.135000e+00 4.135378e-01 5.414841e-01
8.550000e-01 1.130000e+00 4.064932e-01 6.080766e-01 8.500000e-01 1.135000e+00 4.069048e-01 6.085490e-01
8.600000e-01 1.125000e+00 4.061649e-01 6.076214e-01 8.550000e-01 1.130000e+00 4.064932e-01 6.080766e-01
3.000000e-02 1.135000e+00 4.135378e-01 5.414841e-01 3.500000e-02 1.140000e+00 4.127401e-01 5.429000e-01
3.500000e-02 1.140000e+00 4.127401e-01 5.429000e-01 4.000000e-02 1.145000e+00 4.118724e-01 5.443676e-01
8.450000e-01 1.140000e+00 4.072972e-01 6.091092e-01 8.400000e-01 1.145000e+00 4.077704e-01 6.096906e-01
8.500000e-01 1.135000e+00 4.069048e-01 6.085490e-01 8.450000e-01 1.140000e+00 4.072972e-01 6.091092e-01
4.000000e-02 1.145000e+00 4.118724e-01 5.443676e-01 4.500000e-02 1.150000e+00 4.110580e-01 5.459206e-01
4.500000e-02 1.150000e+00 4.110580e-01 5.459206e-01 5.500000e-02 1.150000e+00 4.131849e-01 5.420335e-01
5.500000e-02 1.150000e+00 4.131849e-01 5.420335e-01 6.000000e-02 1.155000e+00 4.122410e-01 5.436991e-01
8.250000e-01 1.150000e+00 4.047816e-01 6.058641e-01 8.200000e-01 1.155000e+00 4.053878e-01 6.065860e-01
8.250000e-01 1.150000e+00 4.047816e-01 6.058641e-01 8.350000e-01 1.150000e+00 4.082203e-01 6.103595e-01
8.400000e-01 1.145000e+00 4.077704e-01 6.096906e-01 8.350000e-01 1.150000e+00 4.082203e-01 6.103595e-01
6.000000e-02 1.155000e+00 4.122410e-01 5.436991e-01 6.500000e-02 1.160000e+00 4.113563e-01 5.454470e-01
6.500000e-02 1.160000e+00 4.113563e-01 5.454470e-01 7.000000e-02 1.165000e+00 4.104124e-01 5.472552e-01
8.150000e-01 1.160000e+00 4.059642e-01 6.073958e-01 8.100000e-01 1.165000e+00 4.066154e-01 6.082374e-01
8.200000e-01 1.155000e+00 4.053878e-01 6.065860e-01 8.150000e-01 1.160000e+00 4.059642e-01 6.073958e-01
7.000000e-02 1.165000e+00 4.104124e-01 5.472552e-01 7.500000e-02 1.170000e+00 4.095301e-01 5.491426e-01
7.500000e-02 1.170000e+00 4.095301e-01 5.491426e-01 8.500000e-02 1.170000e+00 4.112609e-01 5.455381e-01
8.500000e-02 1.170000e+00 4.112609e-01 5.455381e-01 9.000000e-02 1.175000e+00 4.102723e-01 5.475535e-01
8.050000e-01 1.170000e+00 4.072331e-01 6.091657e-01 8.000000e-01 1.175000e+00 4.079224e-01 6.101293e-01
8.100000e-01 1.165000e+00 4.066154e-01 6.082374e-01 8.050000e-01 1.170000e+00 4.072331e-01 6.091657e-01
9.000000e-02 1.175000e+00 4.102723e-01 5.475535e-01 9.500000e-02 1.180000e+00 4.093500e-01 5.496439e-01
9.500000e-02 1.180000e+00 4.093500e-01 5.496439e-01 1.000000e-01 1.185000e+00 4.083807e-01 5.518015e-01
7.850000e-01 1.180000e+00 4.057211e-01 6.068842e-01 7.800000e-01 1.185000e+00 4.065084e-01 6.080136e-01
7.850000e-01 1.180000e+00 4.057211e-01 6.068842e-01 7.950000e-01 1.180000e+00 4.085745e-01 6.111783e-01
8.000000e-01 1.175000e+00 4.079224e-01 6.101293e-01 7.950000e-01 1.180000e+00 4.085745e-01 6.111783e-01
1.000000e-01 1.185000e+00 4.083807e-01 5.518015e-01 1.050000e-01 1.190000e+00 4.074793e-01 5.540305e-01
1.050000e-01 1.190000e+00 4.074793e-01 5.540305e-01 1.150000e-01 1.190000e+00 4.088709e-01 5.507516e-01
1.150000e-01 1.190000e+00 4.088709e-01 5.507516e-01 1.200000e-01 1.195000e+00 4.078883e-01 5.531204e-01
7.750000e-01 1.190000e+00 4.072525e-01 6.092274e-01 7.700000e-01 1.195000e+00 4.080599e-01 6.104858e-01
7.800000e-01 1.185000e+00 4.065084e-01 6.080136e-01 7.750000e-01 1.190000e+00 4.072525e-01 6.092274e-01
1.200000e-01 1.195000e+00 4.078883e-01 5.531204e-01 1.250000e-01 1.200000e+00 4.069772e-01 5.555557e-01
1.250000e-01 1.200000e+00 4.069772e-01 5.555557e-01 1.350000e-01 1.200000e+00 4.081525e-01 5.524892e-01
1.350000e-01 1.200000e+00 4.081525e-01 5.524892e-01 1.400000e-01 1.205000e+00 4.071760e-01 5.550708e-01
7.550000e-01 1.200000e+00 4.063638e-01 6.077283e-01 7.500000e-01 1.205000e+00 4.072418e-01 6.091670e-01
7.550000e-01 1.200000e+00 4.063638e-01 6.077283e-01 7.650000e-01 1.200000e+00 4.088210e-01 6.118266e-01
7.700000e-01 1.195000e+00 4.080599e-01 6.104858e-01 7.650000e-01 1.200000e+00 4.088210e-01 6.118266e-01
1.400000e-01 1.205000e+00 4.071760e-01 5.550708e-01 1.450000e-01 1.210000e+00 4.062739e-01 5.577137e-01
1.450000e-01 1.210000e+00 4.062739e-01 5.577137e-01 1.550000e-01 1.210000e+00 4.072562e-01 5.548743e-01
1.550000e-01 1.210000e+00 4.072562e-01 5.548743e-01 1.600000e-01 1.215000e+00 4.063049e-01 5.576683e-01
7.350000e-01 1.210000e+00 4.058621e-01 6.067198e-01 7.300000e-01 1.215000e+00 4.067935e-01 6.083470e-01
7.350000e-01 1.210000e+00 4.058621e-01 6.067198e-01 7.450000e-01 1.210000e+00 4.080682e-01 6.106859e-01
7.500000e-01 1.205000e+00 4.072418e-01 6.091670e-01 7.450000e-01 1.210000e+00 4.080682e-01 6.106859e-01
1.600000e-01 1.215000e+00 4.063049e-01 5.576683e-01 1.650000e-01 1.220000e+00 4.054302e-01 5.605182e-01
1.650000e-01 1.220000e+00 4.054302e-01 5.605182e-01 1.750000e-01 1.220000e+00 4.062442e-01 5.579182e-01
1.750000e-01 1.220000e+00 4.062442e-01 5.579182e-01 1.800000e-01 1.225000e+00 4.053368e-01 5.609227e-01
7.150000e-01 1.220000e+00 4.056976e-01 6.062367e-01 7.100000e-01 1.225000e+00 4.066645e-01 6.080592e-01
7.150000e-01 1.220000e+00 4.056976e-01 6.062367e-01 7.250000e-01 1.220000e+00 4.076683e-01 6.100517e-01
7.300000e-01 1.215000e+00 4.067935e-01 6.083470e-01 7.250000e-01 1.220000e+00 4.076683e-01 6.100517e-01
1.800000e-01 1.225000e+00 4.053368e-01 5.609227e-01 1.850000e-01 1.230000e+00 4.045072e-01 5.639774e-01
1.850000e-01 1.230000e+00 4.045072e-01 5.639774e-01 1.950000e-01 1.230000e+00 4.051786e-01 5.616265e-01
1.950000e-01 1.230000e+00 4.051786e-01 5.616265e-01 2.050000e-01 1.230000e+00 4.057382e-01 5.593748e-01
2.050000e-01 1.230000e+00 4.057382e-01 5.593748e-01 2.100000e-01 1.235000e+00 4.048896e-01 5.626657e-01
6.950000e-01 1.230000e+00 4.058170e-01 6.063097e-01 6.900000e-01 1.235000e+00 4.068011e-01 6.083324e-01
6.950000e-01 1.230000e+00 4.058170e-01 6.063097e-01 7.050000e-01 1.230000e+00 4.075703e-01 6.099558e-01
7.100000e-01 1.225000e+00 4.066645e-01 6.080592e-01 7.050000e-01 1.230000e+00 4.075703e-01 6.099558e-01
2.100000e-01 1.235000e+00 4.048896e-01 5.626657e-01 2.150000e-01 1.240000e+00 4.041204e-01 5.659991e-01
2.150000e-01 1.240000e+00 4.041204e-01 5.659991e-01 2.250000e-01 1.240000e+00 4.045741e-01 5.640100e-01
2.250000e-01 1.240000e+00 4.045741e-01 5.640100e-01 2.350000e-01 1.240000e+00 4.049302e-01 5.621293e-01
2.350000e-01 1.240000e+00 4.049302e-01 5.621293e-01 2.400000e-01 1.245000e+00 4.041773e-01 5.657009e-01
6.650000e-01 1.240000e+00 4.047320e-01 6.035654e-01 6.600000e-01 1.245000e+00 4.057427e-01 6.058612e-01
6.650000e-01 1.240000e+00 4.047320e-01 6.035654e-01 6.750000e-01 1.240000e+00 4.061648e-01 6.069646e-01
6.750000e-01 1.240000e+00 4.061648e-01 6.069646e-01 6.850000e-01 1.240000e+00 4.077203e-01 6.104253e-01
6.900000e-01 1.235000e+00 4.068011e-01 6.083324e-01 6.850000e-01 1.240000e+00 4.077203e-01 6.104253e-01
2.400000e-01 1.245000e+00 4.041773e-01 5.657009e-01 2.450000e-01 1.250000e+00 4.035036e-01 5.693073e-01
2.450000e-01 1.250000e+00 4.035036e-01 5.693073e-01 2.550000e-01 1.250000e+00 4.037921e-01 5.676975e-01
2.550000e-01 1.250000e+00 4.037921e-01 5.676975e-01 2.650000e-01 1.250000e+00 4.039985e-01 5.662038e-01
2.650000e-01 1.250000e+00 4.039985e-01 5.662038e-01 2.700000e-01 1.255000e+00 4.033757e-01 5.700458e-01
6.350000e-01 1.250000e+00 4.042699e-01 6.019127e-01 6.300000e-01 1.255000e+00 4.052704e-01 6.044896e-01
6.350000e-01 1.250000e+00 4.042699e-01 6.019127e-01 6.450000e-01 1.250000e+00 4.054198e-01 6.050304e-01
6.450000e-01 1.250000e+00 4.054198e-01 6.050304e-01 6.550000e-01 1.250000e+00 4.066834e-01 6.082218e-01
6.600000e-01 1.245000e+00 4.057427e-01 6.058612e-01 6.550000e-01 1.250000e+00 4.066834e-01 6.082218e-01
2.700000e-01 1.255000e+00 4.033757e-01 5.700458e-01 2.750000e-01 1.260000e+00 4.028306e-01 5.739148e-01
2.750000e-01 1.260000e+00 4.028306e-01 5.739148e-01 2.850000e-01 1.260000e+00 4.030081e-01 5.726951e-01
2.850000e-01 1.260000e+00 4.030081e-01 5.726951e-01 2.950000e-01 1.260000e+00 4.031201e-01 5.715969e-01
2.950000e-01 1.260000e+00 4.031201e-01 5.715969e-01 3.000000e-01 1.265000e+00 4.026586e-01 5.756945e-01
6.050000e-01 1.260000e+00 4.042741e-01 6.014278e-01 6.000000e-01 1.265000e+00 4.052276e-01 6.042892e-01
6.050000e-01 1.260000e+00 4.042741e-01 6.014278e-01 6.150000e-01 1.260000e+00 4.051844e-01 6.042343e-01
6.150000e-01 1.260000e+00 4.051844e-01 6.042343e-01 6.250000e-01 1.260000e+00 4.061971e-01 6.071252e-01
6.300000e-01 1.255000e+00 4.052704e-01 6.044896e-01 6.250000e-01 1.260000e+00 4.061971e-01 6.071252e-01
3.000000e-01 1.265000e+00 4.026586e-01 5.756945e-01 3.050000e-01 1.270000e+00 4.022718e-01 5.798118e-01
3.050000e-01 1.270000e+00 4.022718e-01 5.798118e-01 3.150000e-01 1.270000e+00 4.023928e-01 5.789860e-01
3.150000e-01 1.270000e+00 4.023928e-01 5.789860e-01 3.250000e-01 1.270000e+00 4.024653e-01 5.782847e-01
3.250000e-01 1.270000e+00 4.024653e-01 5.782847e-01 3.350000e-01 1.270000e+00 4.024945e-01 5.777097e-01
3.350000e-01 1.270000e+00 4.024945e-01 5.777097e-01 3.450000e-01 1.270000e+00 4.024855e-01 5.772623e-01
3.450000e-01 1.270000e+00 4.024855e-01 5.772623e-01 3.550000e-01 1.270000e+00 4.024440e-01 5.769438e-01
3.550000e-01 1.270000e+00 4.024440e-01 5.769438e-01 3.600000e-01 1.275000e+00 4.023154e-01 5.814880e-01
5.550000e-01 1.270000e+00 4.033978e-01 5.975211e-01 5.500000e-01 1.275000e+00 4.042464e-01 6.008233e-01
5.550000e-01 1.270000e+00 4.033978e-01 5.975211e-01 5.650000e-01 1.270000e+00 4.039474e-01 5.997939e-01
5.650000e-01 1.270000e+00 4.039474e-01 5.997939e-01 5.750000e-01 1.270000e+00 4.045794e-01 6.021673e-01
5.750000e-01 1.270000e+00 4.045794e-01 6.021673e-01 5.850000e-01 1.270000e+00 4.052973e-01 6.046379e-01
5.850000e-01 1.270000e+00 4.052973e-01 6.046379e-01 5.950000e-01 1.270000e+00 4.061047e-01 6.072024e-01
6.000000e-01 1.265000e+00 4.052276e-01 6.042892e-01 5.950000e-01 1.270000e+00 4.061047e-01 6.072024e-01
3.600000e-01 1.275000e+00 4.023154e-01 5.814880e-01 3.650000e-01 1.280000e+00 4.022537e-01 5.860396e-01
3.650000e-01 1.280000e+00 4.022537e-01 5.860396e-01 3.750000e-01 1.280000e+00 4.022927e-01 5.859835e-01
3.750000e-01 1.280000e+00 4.022927e-01 5.859835e-01 3.850000e-01 1.280000e+00 4.023163e-01 5.860553e-01
3.850000e-01 1.280000e+00 4.023163e-01 5.860553e-01 3.950000e-01 1.280000e+00 4.023299e-01 5.862552e-01
3.950000e-01 1.280000e+00 4.023299e-01 5.862552e-01 4.050000e-01 1.280000e+00 4.023390e-01 5.865833e-01
4.050000e-01 1.280000e+00 4.023390e-01 5.865833e-01 4.150000e-01 1.280000e+00 4.023491e-01 5.870393e-01
4.150000e-01 1.280000e+00 4.023491e-01 5.870393e-01 4.250000e-01 1.280000e+00 4.023658e-01 5.876230e-01
4.250000e-01 1.280000e+00 4.023658e-01 5.876230e-01 4.350000e-01 1.280000e+00 4.023946e-01 5.883339e-01
4.350000e-01 1.280000e+00 4.023946e-01 5.883339e-01 4.450000e-01 1.280000e+00 4.024409e-01 5.891711e-01
4.450000e-01 1.280000e+00 4.024409e-01 5.891711e-01 4.550000e-01 1.280000e+00 4.025102e-01 5.901336e-01
4.550000e-01 1.280000e+00 4.025102e-01 5.901336e-01 4.650000e-01 1.280000e+00 4.026077e-01 5.912200e-01
4.650000e-01 1.280000e+00 4.026077e-01 5.912200e-01 4.750000e-01 1.280000e+00 4.027388e-01 5.924292e-01
4.750000e-01 1.280000e+00 4.027388e-01 5.924292e-01 4.850000e-01 1.280000e+00 4.029087e-01 5.937594e-01
4.850000e-01 1.280000e+00 4.029087e-01 5.937594e-01 4.950000e-01 1.280000e+00 4.031224e-01 5.952087e-01
4.950000e-01 1.280000e+00 4.031224e-01 5.952087e-01 5.050000e-01 1.280000e+00 4.033849e-01 5.967751e-01
5.050000e-01 1.280000e+00 4.033849e-01 5.967751e-01 5.150000e-01 1.280000e+00 4.037009e-01 5.984565e-01
5.150000e-01 1.280000e+00 4.037009e-01 5.984565e-01 5.250000e-01 1.280000e+00 4.040752e-01 6.002505e-01
5.250000e-01 1.280000e+00 4.040752e-01 6.002505e-01 5.350000e-01 1.280000e+00 4.045123e-01 6.021546e-01
5.350000e-01 1.280000e+00 4.045123e-01 6.021546e-01 5.450000e-01 1.280000e+00 4.050166e-01 6.041662e-01
5.500000e-01 1.275000e+00 4.042464e-01 6.008233e-01 5.450000e-01 1.280000e+00 4.050166e-01 6.041662e-01
