1.950000e-01 -1.700000e-01 3.533889e-01 5.161369e-01 1.900000e-01 -1.650000e-01 3.539668e-01 5.184622e-01
1.950000e-01 -1.700000e-01 3.533889e-01 5.161369e-01 2.050000e-01 -1.700000e-01 3.538070e-01 5.176924e-01
2.050000e-01 -1.700000e-01 3.538070e-01 5.176924e-01 2.150000e-01 -1.700000e-01 3.541721e-01 5.191714e-01
2.150000e-01 -1.700000e-01 3.541721e-01 5.191714e-01 2.250000e-01 -1.700000e-01 3.544872e-01 5.205723e-01
2.250000e-01 -1.700000e-01 3.544872e-01 5.205723e-01 2.350000e-01 -1.700000e-01 3.547555e-01 5.218935e-01
2.350000e-01 -1.700000e-01 3.547555e-01 5.218935e-01 2.450000e-01 -1.700000e-01 3.549802e-01 5.231337e-01
2.450000e-01 -1.700000e-01 3.549802e-01 5.231337e-01 2.550000e-01 -1.700000e-01 3.551648e-01 5.242914e-01
2.550000e-01 -1.700000e-01 3.551648e-01 5.242914e-01 2.650000e-01 -1.700000e-01 3.553126e-01 5.253654e-01
2.650000e-01 -1.700000e-01 3.553126e-01 5.253654e-01 2.750000e-01 -1.700000e-01 3.554272e-01 5.263546e-01
2.750000e-01 -1.700000e-01 3.554272e-01 5.263546e-01 2.850000e-01 -1.700000e-01 3.555123e-01 5.272578e-01
2.850000e-01 -1.700000e-01 3.555123e-01 5.272578e-01 2.950000e-01 -1.700000e-01 3.555715e-01 5.280741e-01
2.950000e-01 -1.700000e-01 3.555715e-01 5.280741e-01 3.050000e-01 -1.700000e-01 3.556084e-01 5.288027e-01
3.050000e-01 -1.700000e-01 3.556084e-01 5.288027e-01 3.150000e-01 -1.700000e-01 3.556269e-01 5.294429e-01
3.150000e-01 -1.700000e-01 3.556269e-01 5.294429e-01 3.250000e-01 -1.700000e-01 3.556308e-01 5.299939e-01
3.250000e-01 -1.700000e-01 3.556308e-01 5.299939e-01 3.350000e-01 -1.700000e-01 3.556239e-01 5.304554e-01
3.350000e-01 -1.700000e-01 3.556239e-01 5.304554e-01 3.450000e-01 -1.700000e-01 3.556101e-01 5.308268e-01
3.450000e-01 -1.700000e-01 3.556101e-01 5.308268e-01 3.550000e-01 -1.700000e-01 3.555932e-01 5.311081e-01
3.550000e-01 -1.700000e-01 3.555932e-01 5.311081e-01 3.650000e-01 -1.700000e-01 3.555772e-01 5.312990e-01
3.650000e-01 -1.700000e-01 3.555772e-01 5.312990e-01 3.750000e-01 -1.700000e-01 3.555659e-01 5.313994e-01
3.750000e-01 -1.700000e-01 3.555659e-01 5.313994e-01 3.850000e-01 -1.700000e-01 3.555632e-01 5.314096e-01
3.850000e-01 -1.700000e-01 3.555632e-01 5.314096e-01 3.950000e-01 -1.700000e-01 3.555730e-01 5.313297e-01
3.950000e-01 -1.700000e-01 3.555730e-01 5.313297e-01 4.050000e-01 -1.700000e-01 3.555991e-01 5.311601e-01
4.050000e-01 -1.700000e-01 3.555991e-01 5.311601e-01 4.150000e-01 -1.700000e-01 3.556452e-01 5.309012e-01
4.150000e-01 -1.700000e-01 3.556452e-01 5.309012e-01 4.200000e-01 -1.650000e-01 3.555064e-01 5.340033e-01
1.550000e-01 -1.600000e-01 3.530203e-01 5.153303e-01 1.500000e-01 -1.550000e-01 3.536612e-01 5.174064e-01
1.550000e-01 -1.600000e-01 3.530203e-01 5.153303e-01 1.650000e-01 -1.600000e-01 3.536106e-01 5.172035e-01
1.650000e-01 -1.600000e-01 3.536106e-01 5.172035e-01 1.750000e-01 -1.600000e-01 3.541348e-01 5.190066e-01
1.750000e-01 -1.600000e-01 3.541348e-01 5.190066e-01 1.850000e-01 -1.600000e-01 3.545953e-01 5.207375e-01
1.900000e-01 -1.650000e-01 3.539668e-01 5.184622e-01 1.850000e-01 -1.600000e-01 3.545953e-01 5.207375e-01
4.200000e-01 -1.650000e-01 3.555064e-01 5.340033e-01 4.250000e-01 -1.600000e-01 3.553203e-01 5.370695e-01
4.250000e-01 -1.600000e-01 3.553203e-01 5.370695e-01 4.350000e-01 -1.600000e-01 3.553294e-01 5.366270e-01
4.350000e-01 -1.600000e-01 3.553294e-01 5.366270e-01 4.450000e-01 -1.600000e-01 3.553704e-01 5.360958e-01
4.450000e-01 -1.600000e-01 3.553704e-01 5.360958e-01 4.550000e-01 -1.600000e-01 3.554472e-01 5.354769e-01
4.550000e-01 -1.600000e-01 3.554472e-01 5.354769e-01 4.600000e-01 -1.550000e-01 3.551524e-01 5.383498e-01
1.150000e-01 -1.500000e-01 3.521264e-01 5.131223e-01 1.100000e-01 -1.450000e-01 3.527896e-01 5.149544e-01
1.150000e-01 -1.500000e-01 3.521264e-01 5.131223e-01 1.250000e-01 -1.500000e-01 3.529451e-01 5.152874e-01
1.250000e-01 -1.500000e-01 3.529451e-01 5.152874e-01 1.350000e-01 -1.500000e-01 3.536859e-01 5.173902e-01
1.350000e-01 -1.500000e-01 3.536859e-01 5.173902e-01 1.450000e-01 -1.500000e-01 3.543510e-01 5.194285e-01
1.500000e-01 -1.550000e-01 3.536612e-01 5.174064e-01 1.450000e-01 -1.500000e-01 3.543510e-01 5.194285e-01
4.600000e-01 -1.550000e-01 3.551524e-01 5.383498e-01 4.650000e-01 -1.500000e-01 3.548085e-01 5.411825e-01
4.650000e-01 -1.500000e-01 3.548085e-01 5.411825e-01 4.750000e-01 -1.500000e-01 3.548817e-01 5.403785e-01
4.750000e-01 -1.500000e-01 3.548817e-01 5.403785e-01 4.850000e-01 -1.500000e-01 3.550023e-01 5.394889e-01
4.850000e-01 -1.500000e-01 3.550023e-01 5.394889e-01 4.950000e-01 -1.500000e-01 3.551739e-01 5.385151e-01
4.950000e-01 -1.500000e-01 3.551739e-01 5.385151e-01 5.000000e-01 -1.450000e-01 3.547586e-01 5.411492e-01
8.500000e-02 -1.400000e-01 3.515653e-01 5.120412e-01 8.000000e-02 -1.350000e-01 3.522293e-01 5.136825e-01
8.500000e-02 -1.400000e-01 3.515653e-01 5.120412e-01 9.500000e-02 -1.400000e-01 3.525750e-01 5.144132e-01
9.500000e-02 -1.400000e-01 3.525750e-01 5.144132e-01 1.050000e-01 -1.400000e-01 3.534987e-01 5.167292e-01
1.100000e-01 -1.450000e-01 3.527896e-01 5.149544e-01 1.050000e-01 -1.400000e-01 3.534987e-01 5.167292e-01
5.000000e-01 -1.450000e-01 3.547586e-01 5.411492e-01 5.050000e-01 -1.400000e-01 3.542935e-01 5.437388e-01
5.050000e-01 -1.400000e-01 3.542935e-01 5.437388e-01 5.150000e-01 -1.400000e-01 3.544958e-01 5.425829e-01
5.150000e-01 -1.400000e-01 3.544958e-01 5.425829e-01 5.250000e-01 -1.400000e-01 3.547604e-01 5.413465e-01
5.250000e-01 -1.400000e-01 3.547604e-01 5.413465e-01 5.300000e-01 -1.350000e-01 3.542677e-01 5.437865e-01
6.500000e-02 -1.300000e-01 3.517997e-01 5.127537e-01 6.000000e-02 -1.250000e-01 3.524644e-01 5.142515e-01
6.500000e-02 -1.300000e-01 3.517997e-01 5.127537e-01 7.500000e-02 -1.300000e-01 3.529362e-01 5.152641e-01
8.000000e-02 -1.350000e-01 3.522293e-01 5.136825e-01 7.500000e-02 -1.300000e-01 3.529362e-01 5.152641e-01
5.300000e-01 -1.350000e-01 3.542677e-01 5.437865e-01 5.350000e-01 -1.300000e-01 3.537254e-01 5.461785e-01
5.350000e-01 -1.300000e-01 3.537254e-01 5.461785e-01 5.450000e-01 -1.300000e-01 3.540469e-01 5.447643e-01
5.450000e-01 -1.300000e-01 3.540469e-01 5.447643e-01 5.500000e-01 -1.250000e-01 3.534992e-01 5.470572e-01
4.500000e-02 -1.200000e-01 3.518914e-01 5.130484e-01 4.000000e-02 -1.150000e-01 3.525449e-01 5.144057e-01
4.500000e-02 -1.200000e-01 3.518914e-01 5.130484e-01 5.500000e-02 -1.200000e-01 3.531700e-01 5.156879e-01
6.000000e-02 -1.250000e-01 3.524644e-01 5.142515e-01 5.500000e-02 -1.200000e-01 3.531700e-01 5.156879e-01
5.500000e-01 -1.250000e-01 3.534992e-01 5.470572e-01 5.550000e-01 -1.200000e-01 3.529021e-01 5.492991e-01
5.550000e-01 -1.200000e-01 3.529021e-01 5.492991e-01 5.650000e-01 -1.200000e-01 3.532989e-01 5.477111e-01
5.650000e-01 -1.200000e-01 3.532989e-01 5.477111e-01 5.750000e-01 -1.200000e-01 3.537758e-01 5.460508e-01
5.750000e-01 -1.200000e-01 3.537758e-01 5.460508e-01 5.800000e-01 -1.150000e-01 3.531905e-01 5.481467e-01
2.500000e-02 -1.100000e-01 3.518019e-01 5.129419e-01 2.000000e-02 -1.050000e-01 3.524321e-01 5.141629e-01
2.500000e-02 -1.100000e-01 3.518019e-01 5.129419e-01 3.500000e-02 -1.100000e-01 3.532366e-01 5.157004e-01
4.000000e-02 -1.150000e-01 3.525449e-01 5.144057e-01 3.500000e-02 -1.100000e-01 3.532366e-01 5.157004e-01
5.800000e-01 -1.150000e-01 3.531905e-01 5.481467e-01 5.850000e-01 -1.100000e-01 3.525573e-01 5.501886e-01
5.850000e-01 -1.100000e-01 3.525573e-01 5.501886e-01 5.950000e-01 -1.100000e-01 3.531348e-01 5.483635e-01
5.950000e-01 -1.100000e-01 3.531348e-01 5.483635e-01 6.000000e-01 -1.050000e-01 3.525227e-01 5.503109e-01
5.000000e-03 -1.000000e-01 3.514934e-01 5.124535e-01 1.066855e-16 -9.500000e-02 3.520885e-01 5.135430e-01
5.000000e-03 -1.000000e-01 3.514934e-01 5.124535e-01 1.500000e-02 -1.000000e-01 3.530977e-01 5.153200e-01
2.000000e-02 -1.050000e-01 3.524321e-01 5.141629e-01 1.500000e-02 -1.000000e-01 3.530977e-01 5.153200e-01
6.000000e-01 -1.050000e-01 3.525227e-01 5.503109e-01 6.050000e-01 -1.000000e-01 3.518641e-01 5.522019e-01
6.050000e-01 -1.000000e-01 3.518641e-01 5.522019e-01 6.150000e-01 -1.000000e-01 3.525596e-01 5.502187e-01
6.150000e-01 -1.000000e-01 3.525596e-01 5.502187e-01 6.200000e-01 -9.500000e-02 3.519329e-01 5.520183e-01
-1.500000e-02 -9.000000e-02 3.509300e-01 5.116051e-01 -2.000000e-02 -8.500000e-02 3.514783e-01 5.125689e-01
-1.500000e-02 -9.000000e-02 3.509300e-01 5.116051e-01 -5.000000e-03 -9.000000e-02 3.527158e-01 5.145679e-01
1.066855e-16 -9.500000e-02 3.520885e-01 5.135430e-01 -5.000000e-03 -9.000000e-02 3.527158e-01 5.145679e-01
6.200000e-01 -9.500000e-02 3.519329e-01 5.520183e-01 6.250000e-01 -9.000000e-02 3.512615e-01 5.537591e-01
6.250000e-01 -9.000000e-02 3.512615e-01 5.537591e-01 6.350000e-01 -9.000000e-02 3.520919e-01 5.516261e-01
6.350000e-01 -9.000000e-02 3.520919e-01 5.516261e-01 6.400000e-01 -8.500000e-02 3.514631e-01 5.532794e-01
-2.500000e-02 -8.000000e-02 3.520555e-01 5.134676e-01 -3.000000e-02 -7.500000e-02 3.525898e-01 5.143384e-01
-2.000000e-02 -8.500000e-02 3.514783e-01 5.125689e-01 -2.500000e-02 -8.000000e-02 3.520555e-01 5.134676e-01
6.400000e-01 -8.500000e-02 3.514631e-01 5.532794e-01 6.450000e-01 -8.000000e-02 3.507916e-01 5.548720e-01
6.450000e-01 -8.000000e-02 3.507916e-01 5.548720e-01 6.500000e-01 -7.500000e-02 3.501457e-01 5.564223e-01
-4.500000e-02 -7.000000e-02 3.510835e-01 5.120444e-01 -5.000000e-02 -6.500000e-02 3.515528e-01 5.127997e-01
-4.500000e-02 -7.000000e-02 3.510835e-01 5.120444e-01 -3.500000e-02 -7.000000e-02 3.531510e-01 5.151436e-01
-3.000000e-02 -7.500000e-02 3.525898e-01 5.143384e-01 -3.500000e-02 -7.000000e-02 3.531510e-01 5.151436e-01
6.500000e-01 -7.500000e-02 3.501457e-01 5.564223e-01 6.550000e-01 -7.000000e-02 3.494582e-01 5.579104e-01
6.550000e-01 -7.000000e-02 3.494582e-01 5.579104e-01 6.650000e-01 -7.000000e-02 3.504962e-01 5.555549e-01
6.650000e-01 -7.000000e-02 3.504962e-01 5.555549e-01 6.700000e-01 -6.500000e-02 3.498682e-01 5.569624e-01
-5.500000e-02 -6.000000e-02 3.520452e-01 5.134892e-01 -6.000000e-02 -5.500000e-02 3.524888e-01 5.141568e-01
-5.000000e-02 -6.500000e-02 3.515528e-01 5.127997e-01 -5.500000e-02 -6.000000e-02 3.520452e-01 5.134892e-01
6.700000e-01 -6.500000e-02 3.498682e-01 5.569624e-01 6.750000e-01 -6.000000e-02 3.492014e-01 5.583059e-01
6.750000e-01 -6.000000e-02 3.492014e-01 5.583059e-01 6.850000e-01 -6.000000e-02 3.504156e-01 5.558258e-01
6.850000e-01 -6.000000e-02 3.504156e-01 5.558258e-01 6.900000e-01 -5.500000e-02 3.498182e-01 5.570946e-01
-6.500000e-02 -5.000000e-02 3.529532e-01 5.147585e-01 -7.000000e-02 -4.500000e-02 3.533664e-01 5.153405e-01
-6.000000e-02 -5.500000e-02 3.524888e-01 5.141568e-01 -6.500000e-02 -5.000000e-02 3.529532e-01 5.147585e-01
6.900000e-01 -5.500000e-02 3.498182e-01 5.570946e-01 6.950000e-01 -5.000000e-02 3.491851e-01 5.582982e-01
6.950000e-01 -5.000000e-02 3.491851e-01 5.582982e-01 7.000000e-01 -4.500000e-02 3.485906e-01 5.594668e-01
-8.500000e-02 -4.000000e-02 3.513157e-01 5.126177e-01 -9.000000e-02 -3.500000e-02 3.516399e-01 5.131007e-01
-8.500000e-02 -4.000000e-02 3.513157e-01 5.126177e-01 -7.500000e-02 -4.000000e-02 3.537980e-01 5.158566e-01
-7.000000e-02 -4.500000e-02 3.533664e-01 5.153405e-01 -7.500000e-02 -4.000000e-02 3.537980e-01 5.158566e-01
7.000000e-01 -4.500000e-02 3.485906e-01 5.594668e-01 7.050000e-01 -4.000000e-02 3.479621e-01 5.605690e-01
7.050000e-01 -4.000000e-02 3.479621e-01 5.605690e-01 7.150000e-01 -4.000000e-02 3.494477e-01 5.579095e-01
7.150000e-01 -4.000000e-02 3.494477e-01 5.579095e-01 7.200000e-01 -3.500000e-02 3.489039e-01 5.589471e-01
-9.500000e-02 -3.000000e-02 3.519787e-01 5.135188e-01 -1.000000e-01 -2.500000e-02 3.522614e-01 5.139236e-01
-9.000000e-02 -3.500000e-02 3.516399e-01 5.131007e-01 -9.500000e-02 -3.000000e-02 3.519787e-01 5.135188e-01
7.200000e-01 -3.500000e-02 3.489039e-01 5.589471e-01 7.250000e-01 -3.000000e-02 3.483296e-01 5.599175e-01
7.250000e-01 -3.000000e-02 3.483296e-01 5.599175e-01 7.300000e-01 -2.500000e-02 3.478012e-01 5.608586e-01
-1.050000e-01 -2.000000e-02 3.525562e-01 5.142638e-01 -1.100000e-01 -1.500000e-02 3.527931e-01 5.145932e-01
-1.000000e-01 -2.500000e-02 3.522614e-01 5.139236e-01 -1.050000e-01 -2.000000e-02 3.525562e-01 5.142638e-01
7.300000e-01 -2.500000e-02 3.478012e-01 5.608586e-01 7.350000e-01 -2.000000e-02 3.472445e-01 5.617316e-01
7.350000e-01 -2.000000e-02 3.472445e-01 5.617316e-01 7.400000e-01 -1.500000e-02 3.467365e-01 5.625772e-01
-1.150000e-01 -1.000000e-02 3.530394e-01 5.148584e-01 -1.200000e-01 -5.000000e-03 3.532262e-01 5.151155e-01
-1.100000e-01 -1.500000e-02 3.527931e-01 5.145932e-01 -1.150000e-01 -1.000000e-02 3.530394e-01 5.148584e-01
7.400000e-01 -1.500000e-02 3.467365e-01 5.625772e-01 7.450000e-01 -1.000000e-02 3.462023e-01 5.633543e-01
7.450000e-01 -1.000000e-02 3.462023e-01 5.633543e-01 7.500000e-01 -5.000000e-03 3.457195e-01 5.641063e-01
-1.250000e-01 1.066855e-16 3.534198e-01 5.153090e-01 -1.300000e-01 5.000000e-03 3.535523e-01 5.154969e-01
-1.200000e-01 -5.000000e-03 3.532262e-01 5.151155e-01 -1.250000e-01 1.066855e-16 3.534198e-01 5.153090e-01
7.500000e-01 -5.000000e-03 3.457195e-01 5.641063e-01 7.550000e-01 1.066855e-16 3.452130e-01 5.647892e-01
7.550000e-01 1.066855e-16 3.452130e-01 5.647892e-01 7.650000e-01 1.066855e-16 3.472119e-01 5.618851e-01
7.650000e-01 1.066855e-16 3.472119e-01 5.618851e-01 7.700000e-01 5.000000e-03 3.468140e-01 5.625246e-01
-1.350000e-01 1.000000e-02 3.536890e-01 5.156221e-01 -1.400000e-01 1.500000e-02 3.537632e-01 5.157443e-01
-1.300000e-01 5.000000e-03 3.535523e-01 5.154969e-01 -1.350000e-01 1.000000e-02 3.536890e-01 5.156221e-01
7.700000e-01 5.000000e-03 3.468140e-01 5.625246e-01 7.750000e-01 1.000000e-02 3.463966e-01 5.630953e-01
7.750000e-01 1.000000e-02 3.463966e-01 5.630953e-01 7.800000e-01 1.500000e-02 3.460363e-01 5.636477e-01
-1.450000e-01 2.000000e-02 3.538390e-01 5.158048e-01 -1.500000e-01 2.500000e-02 3.538511e-01 5.158651e-01
-1.400000e-01 1.500000e-02 3.537632e-01 5.157443e-01 -1.450000e-01 2.000000e-02 3.538390e-01 5.158048e-01
7.800000e-01 1.500000e-02 3.460363e-01 5.636477e-01 7.850000e-01 2.000000e-02 3.456591e-01 5.641313e-01
7.850000e-01 2.000000e-02 3.456591e-01 5.641313e-01 7.900000e-01 2.500000e-02 3.453411e-01 5.645992e-01
-1.550000e-01 3.000000e-02 3.538620e-01 5.158646e-01 -1.600000e-01 3.500000e-02 3.538081e-01 5.158666e-01
-1.500000e-01 2.500000e-02 3.538511e-01 5.158651e-01 -1.550000e-01 3.000000e-02 3.538620e-01 5.158646e-01
7.900000e-01 2.500000e-02 3.453411e-01 5.645992e-01 7.950000e-01 3.000000e-02 3.450088e-01 5.649983e-01
7.950000e-01 3.000000e-02 3.450088e-01 5.649983e-01 8.000000e-01 3.500000e-02 3.447378e-01 5.653844e-01
-1.600000e-01 3.500000e-02 3.538081e-01 5.158666e-01 -1.600000e-01 4.500000e-02 3.571459e-01 5.190895e-01
8.000000e-01 3.500000e-02 3.447378e-01 5.653844e-01 8.050000e-01 4.000000e-02 3.444552e-01 5.657021e-01
8.050000e-01 4.000000e-02 3.444552e-01 5.657021e-01 8.100000e-01 4.500000e-02 3.442357e-01 5.660096e-01
-1.650000e-01 5.000000e-02 3.570831e-01 5.189727e-01 -1.700000e-01 5.500000e-02 3.569534e-01 5.188624e-01
-1.600000e-01 4.500000e-02 3.571459e-01 5.190895e-01 -1.650000e-01 5.000000e-02 3.570831e-01 5.189727e-01
8.100000e-01 4.500000e-02 3.442357e-01 5.660096e-01 8.150000e-01 5.000000e-02 3.440076e-01 5.662491e-01
8.150000e-01 5.000000e-02 3.440076e-01 5.662491e-01 8.200000e-01 5.500000e-02 3.438442e-01 5.664813e-01
-1.750000e-01 6.000000e-02 3.568159e-01 5.186942e-01 -1.800000e-01 6.500000e-02 3.566108e-01 5.185352e-01
-1.700000e-01 5.500000e-02 3.569534e-01 5.188624e-01 -1.750000e-01 6.000000e-02 3.568159e-01 5.186942e-01
8.200000e-01 5.500000e-02 3.438442e-01 5.664813e-01 8.250000e-01 6.000000e-02 3.436750e-01 5.666460e-01
8.250000e-01 6.000000e-02 3.436750e-01 5.666460e-01 8.300000e-01 6.500000e-02 3.435722e-01 5.668063e-01
-1.850000e-01 7.000000e-02 3.563953e-01 5.183200e-01 -1.900000e-01 7.500000e-02 3.561117e-01 5.181166e-01
-1.800000e-01 6.500000e-02 3.566108e-01 5.185352e-01 -1.850000e-01 7.000000e-02 3.563953e-01 5.183200e-01
8.300000e-01 6.500000e-02 3.435722e-01 5.668063e-01 8.350000e-01 7.000000e-02 3.434663e-01 5.669000e-01
8.350000e-01 7.000000e-02 3.434663e-01 5.669000e-01 8.400000e-01 7.500000e-02 3.434281e-01 5.669922e-01
-1.900000e-01 7.500000e-02 3.561117e-01 5.181166e-01 -1.900000e-01 8.500000e-02 3.593947e-01 5.208840e-01
8.400000e-01 7.500000e-02 3.434281e-01 5.669922e-01 8.450000e-01 8.000000e-02 3.433897e-01 5.670189e-01
8.450000e-01 8.000000e-02 3.433897e-01 5.670189e-01 8.500000e-01 8.500000e-02 3.434202e-01 5.670468e-01
-1.950000e-01 9.000000e-02 3.590836e-01 5.205725e-01 -2.000000e-01 9.500000e-02 3.587032e-01 5.202767e-01
-1.900000e-01 8.500000e-02 3.593947e-01 5.208840e-01 -1.950000e-01 9.000000e-02 3.590836e-01 5.205725e-01
8.500000e-01 8.500000e-02 3.434202e-01 5.670468e-01 8.500000e-01 9.500000e-02 3.403468e-01 5.700477e-01
-2.050000e-01 1.000000e-01 3.583057e-01 5.199291e-01 -2.100000e-01 1.050000e-01 3.578388e-01 5.195998e-01
-2.000000e-01 9.500000e-02 3.587032e-01 5.202767e-01 -2.050000e-01 1.000000e-01 3.583057e-01 5.199291e-01
8.500000e-01 9.500000e-02 3.403468e-01 5.700477e-01 8.550000e-01 1.000000e-01 3.403843e-01 5.699470e-01
8.550000e-01 1.000000e-01 3.403843e-01 5.699470e-01 8.600000e-01 1.050000e-01 3.404929e-01 5.698520e-01
-2.100000e-01 1.050000e-01 3.578388e-01 5.195998e-01 -2.100000e-01 1.150000e-01 3.610440e-01 5.220472e-01
8.600000e-01 1.050000e-01 3.404929e-01 5.698520e-01 8.650000e-01 1.100000e-01 3.406088e-01 5.696941e-01
8.650000e-01 1.100000e-01 3.406088e-01 5.696941e-01 8.700000e-01 1.150000e-01 3.407963e-01 5.695449e-01
-2.150000e-01 1.200000e-01 3.605366e-01 5.216196e-01 -2.200000e-01 1.250000e-01 3.599593e-01 5.212141e-01
-2.100000e-01 1.150000e-01 3.610440e-01 5.220472e-01 -2.150000e-01 1.200000e-01 3.605366e-01 5.216196e-01
8.700000e-01 1.150000e-01 3.407963e-01 5.695449e-01 8.750000e-01 1.200000e-01 3.409941e-01 5.693346e-01
8.750000e-01 1.200000e-01 3.409941e-01 5.693346e-01 8.800000e-01 1.250000e-01 3.412639e-01 5.691357e-01
-2.250000e-01 1.300000e-01 3.593586e-01 5.207623e-01 -2.300000e-01 1.350000e-01 3.586883e-01 5.203350e-01
-2.200000e-01 1.250000e-01 3.599593e-01 5.212141e-01 -2.250000e-01 1.300000e-01 3.593586e-01 5.207623e-01
8.800000e-01 1.250000e-01 3.412639e-01 5.691357e-01 8.850000e-01 1.300000e-01 3.415467e-01 5.688775e-01
8.850000e-01 1.300000e-01 3.415467e-01 5.688775e-01 8.900000e-01 1.350000e-01 3.419020e-01 5.686337e-01
-2.300000e-01 1.350000e-01 3.586883e-01 5.203350e-01 -2.300000e-01 1.450000e-01 3.617819e-01 5.224860e-01
8.900000e-01 1.350000e-01 3.419020e-01 5.686337e-01 8.900000e-01 1.450000e-01 3.389132e-01 5.710201e-01
-2.350000e-01 1.500000e-01 3.610588e-01 5.219719e-01 -2.400000e-01 1.550000e-01 3.602662e-01 5.214861e-01
-2.300000e-01 1.450000e-01 3.617819e-01 5.224860e-01 -2.350000e-01 1.500000e-01 3.610588e-01 5.219719e-01
8.900000e-01 1.450000e-01 3.389132e-01 5.710201e-01 8.950000e-01 1.500000e-01 3.393015e-01 5.706623e-01
8.950000e-01 1.500000e-01 3.393015e-01 5.706623e-01 9.000000e-01 1.550000e-01 3.397632e-01 5.703231e-01
-2.400000e-01 1.550000e-01 3.602662e-01 5.214861e-01 -2.400000e-01 1.650000e-01 3.632784e-01 5.234460e-01
9.000000e-01 1.550000e-01 3.397632e-01 5.703231e-01 9.050000e-01 1.600000e-01 3.402450e-01 5.699295e-01
9.050000e-01 1.600000e-01 3.402450e-01 5.699295e-01 9.100000e-01 1.650000e-01 3.408000e-01 5.695573e-01
-2.450000e-01 1.700000e-01 3.624258e-01 5.228810e-01 -2.500000e-01 1.750000e-01 3.615040e-01 5.223477e-01
-2.400000e-01 1.650000e-01 3.632784e-01 5.234460e-01 -2.450000e-01 1.700000e-01 3.624258e-01 5.228810e-01
9.100000e-01 1.650000e-01 3.408000e-01 5.695573e-01 9.150000e-01 1.700000e-01 3.413775e-01 5.691331e-01
9.150000e-01 1.700000e-01 3.413775e-01 5.691331e-01 9.200000e-01 1.750000e-01 3.420279e-01 5.687327e-01
-2.500000e-01 1.750000e-01 3.615040e-01 5.223477e-01 -2.500000e-01 1.850000e-01 3.644223e-01 5.241271e-01
9.200000e-01 1.750000e-01 3.420279e-01 5.687327e-01 9.200000e-01 1.850000e-01 3.391852e-01 5.706757e-01
-2.550000e-01 1.900000e-01 3.634337e-01 5.235230e-01 -2.600000e-01 1.950000e-01 3.623768e-01 5.229539e-01
-2.500000e-01 1.850000e-01 3.644223e-01 5.241271e-01 -2.550000e-01 1.900000e-01 3.634337e-01 5.235230e-01
9.200000e-01 1.850000e-01 3.391852e-01 5.706757e-01 9.250000e-01 1.900000e-01 3.398874e-01 5.701776e-01
9.250000e-01 1.900000e-01 3.398874e-01 5.701776e-01 9.300000e-01 1.950000e-01 3.406623e-01 5.697073e-01
-2.600000e-01 1.950000e-01 3.623768e-01 5.229539e-01 -2.600000e-01 2.050000e-01 3.651892e-01 5.245644e-01
9.300000e-01 1.950000e-01 3.406623e-01 5.697073e-01 9.300000e-01 2.050000e-01 3.379032e-01 5.714345e-01
-2.600000e-01 2.050000e-01 3.651892e-01 5.245644e-01 -2.600000e-01 2.150000e-01 3.679619e-01 5.260747e-01
9.300000e-01 2.050000e-01 3.379032e-01 5.714345e-01 9.350000e-01 2.100000e-01 3.387380e-01 5.708743e-01
9.350000e-01 2.100000e-01 3.387380e-01 5.708743e-01 9.400000e-01 2.150000e-01 3.396450e-01 5.703459e-01
-2.650000e-01 2.200000e-01 3.667931e-01 5.254150e-01 -2.700000e-01 2.250000e-01 3.655571e-01 5.247949e-01
-2.600000e-01 2.150000e-01 3.679619e-01 5.260747e-01 -2.650000e-01 2.200000e-01 3.667931e-01 5.254150e-01
9.400000e-01 2.150000e-01 3.396450e-01 5.703459e-01 9.450000e-01 2.200000e-01 3.405849e-01 5.697761e-01
9.450000e-01 2.200000e-01 3.405849e-01 5.697761e-01 9.500000e-01 2.250000e-01 3.415961e-01 5.692401e-01
-2.700000e-01 2.250000e-01 3.655571e-01 5.247949e-01 -2.700000e-01 2.350000e-01 3.682073e-01 5.261534e-01
9.500000e-01 2.250000e-01 3.415961e-01 5.692401e-01 9.500000e-01 2.350000e-01 3.390038e-01 5.706836e-01
-2.700000e-01 2.350000e-01 3.682073e-01 5.261534e-01 -2.700000e-01 2.450000e-01 3.708100e-01 5.274172e-01
9.500000e-01 2.350000e-01 3.390038e-01 5.706836e-01 9.550000e-01 2.400000e-01 3.400861e-01 5.700725e-01
9.550000e-01 2.400000e-01 3.400861e-01 5.700725e-01 9.600000e-01 2.450000e-01 3.412383e-01 5.694987e-01
-2.750000e-01 2.500000e-01 3.694497e-01 5.267261e-01 -2.800000e-01 2.550000e-01 3.680240e-01 5.260782e-01
-2.700000e-01 2.450000e-01 3.708100e-01 5.274172e-01 -2.750000e-01 2.500000e-01 3.694497e-01 5.267261e-01
9.600000e-01 2.450000e-01 3.412383e-01 5.694987e-01 9.600000e-01 2.550000e-01 3.387638e-01 5.707582e-01
-2.800000e-01 2.550000e-01 3.680240e-01 5.260782e-01 -2.800000e-01 2.650000e-01 3.704890e-01 5.272099e-01
9.600000e-01 2.550000e-01 3.387638e-01 5.707582e-01 9.650000e-01 2.600000e-01 3.399939e-01 5.701189e-01
9.650000e-01 2.600000e-01 3.399939e-01 5.701189e-01 9.700000e-01 2.650000e-01 3.412925e-01 5.695200e-01
-2.800000e-01 2.650000e-01 3.704890e-01 5.272099e-01 -2.800000e-01 2.750000e-01 3.728990e-01 5.282535e-01
9.700000e-01 2.650000e-01 3.412925e-01 5.695200e-01 9.700000e-01 2.750000e-01 3.389476e-01 5.706095e-01
-2.850000e-01 2.800000e-01 3.713384e-01 5.275557e-01 -2.900000e-01 2.850000e-01 3.697147e-01 5.269045e-01
-2.800000e-01 2.750000e-01 3.728990e-01 5.282535e-01 -2.850000e-01 2.800000e-01 3.713384e-01 5.275557e-01
9.700000e-01 2.750000e-01 3.389476e-01 5.706095e-01 9.750000e-01 2.800000e-01 3.403298e-01 5.699553e-01
9.750000e-01 2.800000e-01 3.403298e-01 5.699553e-01 9.800000e-01 2.850000e-01 3.417787e-01 5.693442e-01
-2.900000e-01 2.850000e-01 3.697147e-01 5.269045e-01 -2.900000e-01 2.950000e-01 3.719734e-01 5.278377e-01
9.800000e-01 2.850000e-01 3.417787e-01 5.693442e-01 9.800000e-01 2.950000e-01 3.395747e-01 5.702790e-01
-2.900000e-01 2.950000e-01 3.719734e-01 5.278377e-01 -2.900000e-01 3.050000e-01 3.741703e-01 5.286906e-01
9.800000e-01 2.950000e-01 3.395747e-01 5.702790e-01 9.850000e-01 3.000000e-01 3.411122e-01 5.696233e-01
9.850000e-01 3.000000e-01 3.411122e-01 5.696233e-01 9.900000e-01 3.050000e-01 3.427143e-01 5.690131e-01
-2.900000e-01 3.050000e-01 3.741703e-01 5.286906e-01 -2.900000e-01 3.150000e-01 3.763032e-01 5.294653e-01
3.450000e-01 3.100000e-01 3.848521e-01 7.249183e-01 3.400000e-01 3.150000e-01 3.893916e-01 7.242104e-01
3.450000e-01 3.100000e-01 3.848521e-01 7.249183e-01 3.550000e-01 3.100000e-01 3.770032e-01 7.259294e-01
3.550000e-01 3.100000e-01 3.770032e-01 7.259294e-01 3.650000e-01 3.100000e-01 3.691071e-01 7.266261e-01
3.650000e-01 3.100000e-01 3.691071e-01 7.266261e-01 3.750000e-01 3.100000e-01 3.612046e-01 7.270048e-01
3.750000e-01 3.100000e-01 3.612046e-01 7.270048e-01 3.850000e-01 3.100000e-01 3.533368e-01 7.270655e-01
3.850000e-01 3.100000e-01 3.533368e-01 7.270655e-01 3.950000e-01 3.100000e-01 3.455442e-01 7.268118e-01
3.950000e-01 3.100000e-01 3.455442e-01 7.268118e-01 4.050000e-01 3.100000e-01 3.378656e-01 7.262505e-01
4.050000e-01 3.100000e-01 3.378656e-01 7.262505e-01 4.150000e-01 3.100000e-01 3.303383e-01 7.253915e-01
4.150000e-01 3.100000e-01 3.303383e-01 7.253915e-01 4.250000e-01 3.100000e-01 3.229964e-01 7.242477e-01
4.250000e-01 3.100000e-01 3.229964e-01 7.242477e-01 4.300000e-01 3.150000e-01 3.187280e-01 7.234697e-01
9.900000e-01 3.050000e-01 3.427143e-01 5.690131e-01 9.900000e-01 3.150000e-01 3.406612e-01 5.698096e-01
-2.950000e-01 3.200000e-01 3.744863e-01 5.287815e-01 -3.000000e-01 3.250000e-01 3.726098e-01 5.281476e-01
-2.900000e-01 3.150000e-01 3.763032e-01 5.294653e-01 -2.950000e-01 3.200000e-01 3.744863e-01 5.287815e-01
3.050000e-01 3.200000e-01 4.173425e-01 7.174050e-01 3.000000e-01 3.250000e-01 4.222456e-01 7.157899e-01
3.050000e-01 3.200000e-01 4.173425e-01 7.174050e-01 3.150000e-01 3.200000e-01 4.098010e-01 7.196602e-01
3.150000e-01 3.200000e-01 4.098010e-01 7.196602e-01 3.250000e-01 3.200000e-01 4.020461e-01 7.216387e-01
3.250000e-01 3.200000e-01 4.020461e-01 7.216387e-01 3.350000e-01 3.200000e-01 3.941138e-01 7.233228e-01
3.400000e-01 3.150000e-01 3.893916e-01 7.242104e-01 3.350000e-01 3.200000e-01 3.941138e-01 7.233228e-01
4.300000e-01 3.150000e-01 3.187280e-01 7.234697e-01 4.350000e-01 3.200000e-01 3.142970e-01 7.225077e-01
4.350000e-01 3.200000e-01 3.142970e-01 7.225077e-01 4.450000e-01 3.200000e-01 3.071700e-01 7.207745e-01
4.450000e-01 3.200000e-01 3.071700e-01 7.207745e-01 4.550000e-01 3.200000e-01 3.003322e-01 7.188017e-01
4.550000e-01 3.200000e-01 3.003322e-01 7.188017e-01 4.650000e-01 3.200000e-01 2.938051e-01 7.166105e-01
4.650000e-01 3.200000e-01 2.938051e-01 7.166105e-01 4.700000e-01 3.250000e-01 2.895125e-01 7.150472e-01
9.900000e-01 3.150000e-01 3.406612e-01 5.698096e-01 9.950000e-01 3.200000e-01 3.423561e-01 5.691657e-01
9.950000e-01 3.200000e-01 3.423561e-01 5.691657e-01 1.000000e+00 3.250000e-01 3.441132e-01 5.685691e-01
-3.000000e-01 3.250000e-01 3.726098e-01 5.281476e-01 -3.000000e-01 3.350000e-01 3.745758e-01 5.288422e-01
2.850000e-01 3.300000e-01 4.345705e-01 7.111050e-01 2.800000e-01 3.350000e-01 4.395651e-01 7.089396e-01
2.850000e-01 3.300000e-01 4.345705e-01 7.111050e-01 2.950000e-01 3.300000e-01 4.273222e-01 7.139549e-01
3.000000e-01 3.250000e-01 4.222456e-01 7.157899e-01 2.950000e-01 3.300000e-01 4.273222e-01 7.139549e-01
4.700000e-01 3.250000e-01 2.895125e-01 7.150472e-01 4.750000e-01 3.300000e-01 2.850877e-01 7.132736e-01
4.750000e-01 3.300000e-01 2.850877e-01 7.132736e-01 4.850000e-01 3.300000e-01 2.790665e-01 7.106326e-01
4.850000e-01 3.300000e-01 2.790665e-01 7.106326e-01 4.900000e-01 3.350000e-01 2.748471e-01 7.086182e-01
1.000000e+00 3.250000e-01 3.441132e-01 5.685691e-01 1.000000e+00 3.350000e-01 3.422198e-01 5.692444e-01
-3.000000e-01 3.350000e-01 3.745758e-01 5.288422e-01 -3.000000e-01 3.450000e-01 3.764717e-01 5.294679e-01
2.650000e-01 3.400000e-01 4.514753e-01 7.031750e-01 2.600000e-01 3.450000e-01 4.564241e-01 7.004898e-01
2.650000e-01 3.400000e-01 4.514753e-01 7.031750e-01 2.750000e-01 3.400000e-01 4.447139e-01 7.065344e-01
2.800000e-01 3.350000e-01 4.395651e-01 7.089396e-01 2.750000e-01 3.400000e-01 4.447139e-01 7.065344e-01
4.900000e-01 3.350000e-01 2.748471e-01 7.086182e-01 4.950000e-01 3.400000e-01 2.705211e-01 7.063839e-01
4.950000e-01 3.400000e-01 2.705211e-01 7.063839e-01 5.050000e-01 3.400000e-01 2.651350e-01 7.033917e-01
5.050000e-01 3.400000e-01 2.651350e-01 7.033917e-01 5.100000e-01 3.450000e-01 2.610957e-01 7.009743e-01
1.000000e+00 3.350000e-01 3.422198e-01 5.692444e-01 1.000000e+00 3.450000e-01 3.403949e-01 5.698309e-01
-3.000000e-01 3.450000e-01 3.764717e-01 5.294679e-01 -3.000000e-01 3.550000e-01 3.782955e-01 5.300273e-01
2.450000e-01 3.500000e-01 4.676017e-01 6.938032e-01 2.400000e-01 3.550000e-01 4.723688e-01 6.906586e-01
2.450000e-01 3.500000e-01 4.676017e-01 6.938032e-01 2.550000e-01 3.500000e-01 4.614960e-01 6.975537e-01
2.600000e-01 3.450000e-01 4.564241e-01 7.004898e-01 2.550000e-01 3.500000e-01 4.614960e-01 6.975537e-01
5.100000e-01 3.450000e-01 2.610957e-01 7.009743e-01 5.150000e-01 3.500000e-01 2.569814e-01 6.983356e-01
5.150000e-01 3.500000e-01 2.569814e-01 6.983356e-01 5.200000e-01 3.550000e-01 2.530388e-01 6.956320e-01
1.000000e+00 3.450000e-01 3.403949e-01 5.698309e-01 1.005000e+00 3.500000e-01 3.422979e-01 5.692040e-01
1.005000e+00 3.500000e-01 3.422979e-01 5.692040e-01 1.010000e+00 3.550000e-01 3.442597e-01 5.686270e-01
-3.000000e-01 3.550000e-01 3.782955e-01 5.300273e-01 -3.000000e-01 3.650000e-01 3.800450e-01 5.305232e-01
2.350000e-01 3.600000e-01 4.772195e-01 6.872634e-01 2.300000e-01 3.650000e-01 4.818811e-01 6.837976e-01
2.400000e-01 3.550000e-01 4.723688e-01 6.906586e-01 2.350000e-01 3.600000e-01 4.772195e-01 6.872634e-01
5.200000e-01 3.550000e-01 2.530388e-01 6.956320e-01 5.250000e-01 3.600000e-01 2.490421e-01 6.927066e-01
5.250000e-01 3.600000e-01 2.490421e-01 6.927066e-01 5.350000e-01 3.600000e-01 2.447564e-01 6.893812e-01
5.350000e-01 3.600000e-01 2.447564e-01 6.893812e-01 5.400000e-01 3.650000e-01 2.411461e-01 6.863833e-01
1.010000e+00 3.550000e-01 3.442597e-01 5.686270e-01 1.010000e+00 3.650000e-01 3.426062e-01 5.691170e-01
-3.000000e-01 3.650000e-01 3.800450e-01 5.305232e-01 -3.000000e-01 3.750000e-01 3.817184e-01 5.309583e-01
2.150000e-01 3.700000e-01 4.915096e-01 6.759839e-01 2.100000e-01 3.750000e-01 4.957949e-01 6.722005e-01
2.150000e-01 3.700000e-01 4.915096e-01 6.759839e-01 2.250000e-01 3.700000e-01 4.865995e-01 6.800829e-01
2.300000e-01 3.650000e-01 4.818811e-01 6.837976e-01 2.250000e-01 3.700000e-01 4.865995e-01 6.800829e-01
5.400000e-01 3.650000e-01 2.411461e-01 6.863833e-01 5.450000e-01 3.700000e-01 2.375176e-01 6.831769e-01
5.450000e-01 3.700000e-01 2.375176e-01 6.831769e-01 5.500000e-01 3.750000e-01 2.340972e-01 6.799636e-01
1.010000e+00 3.650000e-01 3.426062e-01 5.691170e-01 1.010000e+00 3.750000e-01 3.410277e-01 5.695278e-01
-3.050000e-01 3.800000e-01 3.795324e-01 5.303495e-01 -3.100000e-01 3.850000e-01 3.772927e-01 5.297934e-01
-3.000000e-01 3.750000e-01 3.817184e-01 5.309583e-01 -3.050000e-01 3.800000e-01 3.795324e-01 5.303495e-01
2.050000e-01 3.800000e-01 5.000919e-01 6.681886e-01 2.000000e-01 3.850000e-01 5.041537e-01 6.641793e-01
2.100000e-01 3.750000e-01 4.957949e-01 6.722005e-01 2.050000e-01 3.800000e-01 5.000919e-01 6.681886e-01
5.500000e-01 3.750000e-01 2.340972e-01 6.799636e-01 5.550000e-01 3.800000e-01 2.306815e-01 6.765511e-01
5.550000e-01 3.800000e-01 2.306815e-01 6.765511e-01 5.600000e-01 3.850000e-01 2.274834e-01 6.731546e-01
1.010000e+00 3.750000e-01 3.410277e-01 5.695278e-01 1.015000e+00 3.800000e-01 3.431413e-01 5.689445e-01
1.015000e+00 3.800000e-01 3.431413e-01 5.689445e-01 1.020000e+00 3.850000e-01 3.453102e-01 5.684124e-01
-3.100000e-01 3.850000e-01 3.772927e-01 5.297934e-01 -3.100000e-01 3.950000e-01 3.787821e-01 5.301965e-01
1.950000e-01 3.900000e-01 5.081984e-01 6.599563e-01 1.900000e-01 3.950000e-01 5.119967e-01 6.557642e-01
2.000000e-01 3.850000e-01 5.041537e-01 6.641793e-01 1.950000e-01 3.900000e-01 5.081984e-01 6.599563e-01
5.600000e-01 3.850000e-01 2.274834e-01 6.731546e-01 5.650000e-01 3.900000e-01 2.243127e-01 6.695718e-01
5.650000e-01 3.900000e-01 2.243127e-01 6.695718e-01 5.700000e-01 3.950000e-01 2.213649e-01 6.660271e-01
1.020000e+00 3.850000e-01 3.453102e-01 5.684124e-01 1.020000e+00 3.950000e-01 3.439123e-01 5.687530e-01
-3.100000e-01 3.950000e-01 3.787821e-01 5.301965e-01 -3.100000e-01 4.050000e-01 3.801910e-01 5.305498e-01
1.900000e-01 3.950000e-01 5.119967e-01 6.557642e-01 1.900000e-01 4.050000e-01 5.160369e-01 6.510309e-01
5.700000e-01 3.950000e-01 2.213649e-01 6.660271e-01 5.700000e-01 4.050000e-01 2.181218e-01 6.618399e-01
1.020000e+00 3.950000e-01 3.439123e-01 5.687530e-01 1.020000e+00 4.050000e-01 3.425950e-01 5.690249e-01
-3.100000e-01 4.050000e-01 3.801910e-01 5.305498e-01 -3.100000e-01 4.150000e-01 3.815178e-01 5.308567e-01
1.850000e-01 4.100000e-01 5.197291e-01 6.464575e-01 1.800000e-01 4.150000e-01 5.231601e-01 6.419586e-01
1.900000e-01 4.050000e-01 5.160369e-01 6.510309e-01 1.850000e-01 4.100000e-01 5.197291e-01 6.464575e-01
5.700000e-01 4.050000e-01 2.181218e-01 6.618399e-01 5.750000e-01 4.100000e-01 2.152852e-01 6.579611e-01
5.750000e-01 4.100000e-01 2.152852e-01 6.579611e-01 5.800000e-01 4.150000e-01 2.126793e-01 6.541547e-01
1.020000e+00 4.050000e-01 3.425950e-01 5.690249e-01 1.025000e+00 4.100000e-01 3.449188e-01 5.685108e-01
1.025000e+00 4.100000e-01 3.449188e-01 5.685108e-01 1.030000e+00 4.150000e-01 3.472938e-01 5.680486e-01
-3.100000e-01 4.150000e-01 3.815178e-01 5.308567e-01 -3.100000e-01 4.250000e-01 3.827612e-01 5.311204e-01
1.750000e-01 4.200000e-01 5.265039e-01 6.372995e-01 1.700000e-01 4.250000e-01 5.295890e-01 6.327389e-01
1.800000e-01 4.150000e-01 5.231601e-01 6.419586e-01 1.750000e-01 4.200000e-01 5.265039e-01 6.372995e-01
5.800000e-01 4.150000e-01 2.126793e-01 6.541547e-01 5.850000e-01 4.200000e-01 2.101552e-01 6.502058e-01
5.850000e-01 4.200000e-01 2.101552e-01 6.502058e-01 5.900000e-01 4.250000e-01 2.078575e-01 6.463475e-01
1.030000e+00 4.150000e-01 3.472938e-01 5.680486e-01 1.030000e+00 4.250000e-01 3.461633e-01 5.682773e-01
-3.100000e-01 4.250000e-01 3.827612e-01 5.311204e-01 -3.100000e-01 4.350000e-01 3.839195e-01 5.313444e-01
1.650000e-01 4.300000e-01 5.325650e-01 6.280479e-01 1.600000e-01 4.350000e-01 5.352891e-01 6.234752e-01
1.700000e-01 4.250000e-01 5.295890e-01 6.327389e-01 1.650000e-01 4.300000e-01 5.325650e-01 6.280479e-01
5.900000e-01 4.250000e-01 2.078575e-01 6.463475e-01 5.900000e-01 4.350000e-01 2.050373e-01 6.412118e-01
1.030000e+00 4.250000e-01 3.461633e-01 5.682773e-01 1.030000e+00 4.350000e-01 3.451180e-01 5.684486e-01
-3.100000e-01 4.350000e-01 3.839195e-01 5.313444e-01 -3.100000e-01 4.450000e-01 3.849916e-01 5.315322e-01
1.600000e-01 4.350000e-01 5.352891e-01 6.234752e-01 1.600000e-01 4.450000e-01 5.386436e-01 6.174831e-01
5.900000e-01 4.350000e-01 2.050373e-01 6.412118e-01 5.950000e-01 4.400000e-01 2.029491e-01 6.371288e-01
5.950000e-01 4.400000e-01 2.029491e-01 6.371288e-01 6.000000e-01 4.450000e-01 2.010811e-01 6.331632e-01
1.030000e+00 4.350000e-01 3.451180e-01 5.684486e-01 1.030000e+00 4.450000e-01 3.441596e-01 5.685659e-01
-3.100000e-01 4.450000e-01 3.849916e-01 5.315322e-01 -3.100000e-01 4.550000e-01 3.859762e-01 5.316874e-01
1.550000e-01 4.500000e-01 5.411005e-01 6.127297e-01 1.500000e-01 4.550000e-01 5.433165e-01 6.081228e-01
1.600000e-01 4.450000e-01 5.386436e-01 6.174831e-01 1.550000e-01 4.500000e-01 5.411005e-01 6.127297e-01
6.000000e-01 4.450000e-01 2.010811e-01 6.331632e-01 6.000000e-01 4.550000e-01 1.986521e-01 6.274998e-01
1.030000e+00 4.450000e-01 3.441596e-01 5.685659e-01 1.035000e+00 4.500000e-01 3.467421e-01 5.681644e-01
1.035000e+00 4.500000e-01 3.467421e-01 5.681644e-01 1.040000e+00 4.550000e-01 3.493710e-01 5.678145e-01
-3.100000e-01 4.550000e-01 3.859762e-01 5.316874e-01 -3.100000e-01 4.650000e-01 3.868722e-01 5.318136e-01
1.500000e-01 4.550000e-01 5.433165e-01 6.081228e-01 1.500000e-01 4.650000e-01 5.461904e-01 6.016827e-01
6.000000e-01 4.550000e-01 1.986521e-01 6.274998e-01 6.050000e-01 4.600000e-01 1.970407e-01 6.233914e-01
6.050000e-01 4.600000e-01 1.970407e-01 6.233914e-01 6.100000e-01 4.650000e-01 1.956359e-01 6.194202e-01
1.040000e+00 4.550000e-01 3.493710e-01 5.678145e-01 1.040000e+00 4.650000e-01 3.486042e-01 5.679243e-01
-3.100000e-01 4.650000e-01 3.868722e-01 5.318136e-01 -3.100000e-01 4.750000e-01 3.876788e-01 5.319147e-01
1.450000e-01 4.700000e-01 5.480932e-01 5.969994e-01 1.400000e-01 4.750000e-01 5.497740e-01 5.924803e-01
1.500000e-01 4.650000e-01 5.461904e-01 6.016827e-01 1.450000e-01 4.700000e-01 5.480932e-01 5.969994e-01
6.100000e-01 4.650000e-01 1.956359e-01 6.194202e-01 6.100000e-01 4.750000e-01 1.936794e-01 6.133598e-01
1.040000e+00 4.650000e-01 3.486042e-01 5.679243e-01 1.040000e+00 4.750000e-01 3.479271e-01 5.679922e-01
-3.100000e-01 4.750000e-01 3.876788e-01 5.319147e-01 -3.100000e-01 4.850000e-01 3.883950e-01 5.319943e-01
1.400000e-01 4.750000e-01 5.497740e-01 5.924803e-01 1.400000e-01 4.850000e-01 5.520890e-01 5.857615e-01
6.100000e-01 4.750000e-01 1.936794e-01 6.133598e-01 6.100000e-01 4.850000e-01 1.919488e-01 6.070380e-01
1.040000e+00 4.750000e-01 3.479271e-01 5.679922e-01 1.040000e+00 4.850000e-01 3.473411e-01 5.680219e-01
-3.100000e-01 4.850000e-01 3.883950e-01 5.319943e-01 -3.100000e-01 4.950000e-01 3.890200e-01 5.320564e-01
1.400000e-01 4.850000e-01 5.520890e-01 5.857615e-01 1.400000e-01 4.950000e-01 5.541469e-01 5.788372e-01
6.100000e-01 4.850000e-01 1.919488e-01 6.070380e-01 6.100000e-01 4.950000e-01 1.904623e-01 6.004769e-01
1.040000e+00 4.850000e-01 3.473411e-01 5.680219e-01 1.045000e+00 4.900000e-01 3.501737e-01 5.677726e-01
1.045000e+00 4.900000e-01 3.501737e-01 5.677726e-01 1.050000e+00 4.950000e-01 3.530479e-01 5.675733e-01
-3.100000e-01 4.950000e-01 3.890200e-01 5.320564e-01 -3.100000e-01 5.050000e-01 3.895533e-01 5.321048e-01
1.400000e-01 4.950000e-01 5.541469e-01 5.788372e-01 1.400000e-01 5.050000e-01 5.559309e-01 5.717375e-01
6.100000e-01 4.950000e-01 1.904623e-01 6.004769e-01 6.150000e-01 5.000000e-01 1.896577e-01 5.964773e-01
6.150000e-01 5.000000e-01 1.896577e-01 5.964773e-01 6.200000e-01 5.050000e-01 1.890304e-01 5.926349e-01
1.050000e+00 4.950000e-01 3.530479e-01 5.675733e-01 1.050000e+00 5.050000e-01 3.526534e-01 5.676307e-01
-3.100000e-01 5.050000e-01 3.895533e-01 5.321048e-01 -3.100000e-01 5.150000e-01 3.899943e-01 5.321433e-01
1.350000e-01 5.100000e-01 5.569207e-01 5.673692e-01 1.300000e-01 5.150000e-01 5.577263e-01 5.631755e-01
1.400000e-01 5.050000e-01 5.559309e-01 5.717375e-01 1.350000e-01 5.100000e-01 5.569207e-01 5.673692e-01
6.200000e-01 5.050000e-01 1.890304e-01 5.926349e-01 6.200000e-01 5.150000e-01 1.881213e-01 5.859521e-01
1.050000e+00 5.050000e-01 3.526534e-01 5.676307e-01 1.050000e+00 5.150000e-01 3.523511e-01 5.676622e-01
-3.100000e-01 5.150000e-01 3.899943e-01 5.321433e-01 -3.100000e-01 5.250000e-01 3.903427e-01 5.321760e-01
1.300000e-01 5.150000e-01 5.577263e-01 5.631755e-01 1.300000e-01 5.250000e-01 5.588736e-01 5.561255e-01
6.200000e-01 5.150000e-01 1.881213e-01 5.859521e-01 6.200000e-01 5.250000e-01 1.874902e-01 5.791265e-01
1.050000e+00 5.150000e-01 3.523511e-01 5.676622e-01 1.050000e+00 5.250000e-01 3.521417e-01 5.676718e-01
-3.100000e-01 5.250000e-01 3.903427e-01 5.321760e-01 -3.100000e-01 5.350000e-01 3.905982e-01 5.322068e-01
1.300000e-01 5.250000e-01 5.588736e-01 5.561255e-01 1.300000e-01 5.350000e-01 5.597252e-01 5.490129e-01
6.200000e-01 5.250000e-01 1.874902e-01 5.791265e-01 6.200000e-01 5.350000e-01 1.871463e-01 5.721895e-01
1.050000e+00 5.250000e-01 3.521417e-01 5.676718e-01 1.050000e+00 5.350000e-01 3.520256e-01 5.676634e-01
-3.100000e-01 5.350000e-01 3.905982e-01 5.322068e-01 -3.100000e-01 5.450000e-01 3.907609e-01 5.322397e-01
1.300000e-01 5.350000e-01 5.597252e-01 5.490129e-01 1.300000e-01 5.450000e-01 5.602762e-01 5.418733e-01
6.200000e-01 5.350000e-01 1.871463e-01 5.721895e-01 6.200000e-01 5.450000e-01 1.870965e-01 5.651742e-01
1.050000e+00 5.350000e-01 3.520256e-01 5.676634e-01 1.050000e+00 5.450000e-01 3.520032e-01 5.676409e-01
-3.100000e-01 5.450000e-01 3.907609e-01 5.322397e-01 -3.100000e-01 5.550000e-01 3.908306e-01 5.322785e-01
1.300000e-01 5.450000e-01 5.602762e-01 5.418733e-01 1.300000e-01 5.550000e-01 5.605247e-01 5.347427e-01
6.200000e-01 5.450000e-01 1.870965e-01 5.651742e-01 6.200000e-01 5.550000e-01 1.873449e-01 5.581149e-01
1.050000e+00 5.450000e-01 3.520032e-01 5.676409e-01 1.050000e+00 5.550000e-01 3.520750e-01 5.676084e-01
-3.100000e-01 5.550000e-01 3.908306e-01 5.322785e-01 -3.050000e-01 5.600000e-01 3.939739e-01 5.322913e-01
-3.050000e-01 5.600000e-01 3.939739e-01 5.322913e-01 -3.000000e-01 5.650000e-01 3.970808e-01 5.322575e-01
1.300000e-01 5.550000e-01 5.605247e-01 5.347427e-01 1.300000e-01 5.650000e-01 5.604720e-01 5.276568e-01
6.200000e-01 5.550000e-01 1.873449e-01 5.581149e-01 6.200000e-01 5.650000e-01 1.878926e-01 5.510469e-01
1.050000e+00 5.550000e-01 3.520750e-01 5.676084e-01 1.055000e+00 5.600000e-01 3.552831e-01 5.676721e-01
1.055000e+00 5.600000e-01 3.552831e-01 5.676721e-01 1.060000e+00 5.650000e-01 3.585257e-01 5.677807e-01
-3.000000e-01 5.650000e-01 3.970808e-01 5.322575e-01 -3.000000e-01 5.750000e-01 3.969637e-01 5.322269e-01
1.300000e-01 5.650000e-01 5.604720e-01 5.276568e-01 1.300000e-01 5.750000e-01 5.601222e-01 5.206508e-01
6.200000e-01 5.650000e-01 1.878926e-01 5.510469e-01 6.200000e-01 5.750000e-01 1.887379e-01 5.440053e-01
1.060000e+00 5.650000e-01 3.585257e-01 5.677807e-01 1.060000e+00 5.750000e-01 3.587806e-01 5.678336e-01
-3.000000e-01 5.750000e-01 3.969637e-01 5.322269e-01 -3.000000e-01 5.850000e-01 3.967529e-01 5.322144e-01
1.300000e-01 5.750000e-01 5.601222e-01 5.206508e-01 1.300000e-01 5.850000e-01 5.594824e-01 5.137584e-01
6.150000e-01 5.800000e-01 1.893335e-01 5.399465e-01 6.100000e-01 5.850000e-01 1.901032e-01 5.357161e-01
6.200000e-01 5.750000e-01 1.887379e-01 5.440053e-01 6.150000e-01 5.800000e-01 1.893335e-01 5.399465e-01
1.060000e+00 5.750000e-01 3.587806e-01 5.678336e-01 1.060000e+00 5.850000e-01 3.591279e-01 5.678884e-01
-3.000000e-01 5.850000e-01 3.967529e-01 5.322144e-01 -3.000000e-01 5.950000e-01 3.964489e-01 5.322240e-01
1.300000e-01 5.850000e-01 5.594824e-01 5.137584e-01 1.300000e-01 5.950000e-01 5.585622e-01 5.070115e-01
6.100000e-01 5.850000e-01 1.901032e-01 5.357161e-01 6.100000e-01 5.950000e-01 1.915862e-01 5.285446e-01
1.060000e+00 5.850000e-01 3.591279e-01 5.678884e-01 1.060000e+00 5.950000e-01 3.595675e-01 5.679489e-01
-3.000000e-01 5.950000e-01 3.964489e-01 5.322240e-01 -3.000000e-01 6.050000e-01 3.960523e-01 5.322597e-01
1.300000e-01 5.950000e-01 5.585622e-01 5.070115e-01 1.300000e-01 6.050000e-01 5.573736e-01 5.004398e-01
6.100000e-01 5.950000e-01 1.915862e-01 5.285446e-01 6.100000e-01 6.050000e-01 1.933547e-01 5.215125e-01
1.060000e+00 5.950000e-01 3.595675e-01 5.679489e-01 1.060000e+00 6.050000e-01 3.600989e-01 5.680192e-01
-3.000000e-01 6.050000e-01 3.960523e-01 5.322597e-01 -3.000000e-01 6.150000e-01 3.955640e-01 5.323253e-01
1.300000e-01 6.050000e-01 5.573736e-01 5.004398e-01 1.350000e-01 6.100000e-01 5.565500e-01 4.965343e-01
1.350000e-01 6.100000e-01 5.565500e-01 4.965343e-01 1.400000e-01 6.150000e-01 5.555407e-01 4.924739e-01
6.100000e-01 6.050000e-01 1.933547e-01 5.215125e-01 6.100000e-01 6.150000e-01 1.953947e-01 5.146523e-01
1.060000e+00 6.050000e-01 3.600989e-01 5.680192e-01 1.060000e+00 6.150000e-01 3.607216e-01 5.681031e-01
-3.000000e-01 6.150000e-01 3.955640e-01 5.323253e-01 -2.950000e-01 6.200000e-01 3.983782e-01 5.320854e-01
-2.950000e-01 6.200000e-01 3.983782e-01 5.320854e-01 -2.900000e-01 6.250000e-01 4.011495e-01 5.317950e-01
1.400000e-01 6.150000e-01 5.555407e-01 4.924739e-01 1.400000e-01 6.250000e-01 5.537927e-01 4.860976e-01
6.050000e-01 6.200000e-01 1.968613e-01 5.101763e-01 6.000000e-01 6.250000e-01 1.985417e-01 5.055300e-01
6.100000e-01 6.150000e-01 1.953947e-01 5.146523e-01 6.050000e-01 6.200000e-01 1.968613e-01 5.101763e-01
1.060000e+00 6.150000e-01 3.607216e-01 5.681031e-01 1.060000e+00 6.250000e-01 3.614352e-01 5.682044e-01
-2.900000e-01 6.250000e-01 4.011495e-01 5.317950e-01 -2.900000e-01 6.350000e-01 4.004691e-01 5.318416e-01
1.400000e-01 6.250000e-01 5.537927e-01 4.860976e-01 1.400000e-01 6.350000e-01 5.518177e-01 4.799872e-01
6.000000e-01 6.250000e-01 1.985417e-01 5.055300e-01 6.000000e-01 6.350000e-01 2.011709e-01 4.988695e-01
1.060000e+00 6.250000e-01 3.614352e-01 5.682044e-01 1.060000e+00 6.350000e-01 3.622387e-01 5.683270e-01
-2.900000e-01 6.350000e-01 4.004691e-01 5.318416e-01 -2.900000e-01 6.450000e-01 3.996987e-01 5.319304e-01
1.400000e-01 6.350000e-01 5.518177e-01 4.799872e-01 1.450000e-01 6.400000e-01 5.503639e-01 4.759840e-01
1.450000e-01 6.400000e-01 5.503639e-01 4.759840e-01 1.500000e-01 6.450000e-01 5.487007e-01 4.718428e-01
5.950000e-01 6.400000e-01 2.031816e-01 4.942511e-01 5.900000e-01 6.450000e-01 2.054279e-01 4.894752e-01
6.000000e-01 6.350000e-01 2.011709e-01 4.988695e-01 5.950000e-01 6.400000e-01 2.031816e-01 4.942511e-01
1.060000e+00 6.350000e-01 3.622387e-01 5.683270e-01 1.060000e+00 6.450000e-01 3.631313e-01 5.684746e-01
-2.900000e-01 6.450000e-01 3.996987e-01 5.319304e-01 -2.900000e-01 6.550000e-01 3.988395e-01 5.320651e-01
1.500000e-01 6.450000e-01 5.487007e-01 4.718428e-01 1.500000e-01 6.550000e-01 5.462519e-01 4.661390e-01
5.900000e-01 6.450000e-01 2.054279e-01 4.894752e-01 5.900000e-01 6.550000e-01 2.085827e-01 4.831915e-01
1.060000e+00 6.450000e-01 3.631313e-01 5.684746e-01 1.060000e+00 6.550000e-01 3.641123e-01 5.686508e-01
-2.900000e-01 6.550000e-01 3.988395e-01 5.320651e-01 -2.850000e-01 6.600000e-01 4.014058e-01 5.316839e-01
-2.850000e-01 6.600000e-01 4.014058e-01 5.316839e-01 -2.800000e-01 6.650000e-01 4.039244e-01 5.312509e-01
1.500000e-01 6.550000e-01 5.462519e-01 4.661390e-01 1.500000e-01 6.650000e-01 5.436353e-01 4.607678e-01
5.850000e-01 6.600000e-01 2.111224e-01 4.785516e-01 5.800000e-01 6.650000e-01 2.139129e-01 4.737784e-01
5.900000e-01 6.550000e-01 2.085827e-01 4.831915e-01 5.850000e-01 6.600000e-01 2.111224e-01 4.785516e-01
1.060000e+00 6.550000e-01 3.641123e-01 5.686508e-01 1.060000e+00 6.650000e-01 3.651802e-01 5.688595e-01
-2.800000e-01 6.650000e-01 4.039244e-01 5.312509e-01 -2.800000e-01 6.750000e-01 4.028743e-01 5.314020e-01
1.500000e-01 6.650000e-01 5.436353e-01 4.607678e-01 1.550000e-01 6.700000e-01 5.416034e-01 4.568717e-01
1.550000e-01 6.700000e-01 5.416034e-01 4.568717e-01 1.600000e-01 6.750000e-01 5.393499e-01 4.528705e-01
5.800000e-01 6.650000e-01 2.139129e-01 4.737784e-01 5.800000e-01 6.750000e-01 2.174959e-01 4.680347e-01
1.060000e+00 6.650000e-01 3.651802e-01 5.688595e-01 1.060000e+00 6.750000e-01 3.663341e-01 5.691040e-01
-2.800000e-01 6.750000e-01 4.028743e-01 5.314020e-01 -2.800000e-01 6.850000e-01 4.017388e-01 5.316110e-01
1.600000e-01 6.750000e-01 5.393499e-01 4.528705e-01 1.650000e-01 6.800000e-01 5.369987e-01 4.489911e-01
1.650000e-01 6.800000e-01 5.369987e-01 4.489911e-01 1.700000e-01 6.850000e-01 5.344187e-01 4.450222e-01
5.750000e-01 6.800000e-01 2.205216e-01 4.634991e-01 5.700000e-01 6.850000e-01 2.238035e-01 4.588639e-01
5.800000e-01 6.750000e-01 2.174959e-01 4.680347e-01 5.750000e-01 6.800000e-01 2.205216e-01 4.634991e-01
1.060000e+00 6.750000e-01 3.663341e-01 5.691040e-01 1.060000e+00 6.850000e-01 3.675727e-01 5.693880e-01
-2.800000e-01 6.850000e-01 4.017388e-01 5.316110e-01 -2.800000e-01 6.950000e-01 4.005195e-01 5.318810e-01
1.700000e-01 6.850000e-01 5.344187e-01 4.450222e-01 1.700000e-01 6.950000e-01 5.312914e-01 4.405017e-01
5.650000e-01 6.900000e-01 2.271740e-01 4.543849e-01 5.600000e-01 6.950000e-01 2.308038e-01 4.498295e-01
5.700000e-01 6.850000e-01 2.238035e-01 4.588639e-01 5.650000e-01 6.900000e-01 2.271740e-01 4.543849e-01
1.060000e+00 6.850000e-01 3.675727e-01 5.693880e-01 1.060000e+00 6.950000e-01 3.688945e-01 5.697148e-01
-2.800000e-01 6.950000e-01 4.005195e-01 5.318810e-01 -2.750000e-01 7.000000e-01 4.028307e-01 5.313977e-01
-2.750000e-01 7.000000e-01 4.028307e-01 5.313977e-01 -2.700000e-01 7.050000e-01 4.050894e-01 5.308627e-01
1.700000e-01 6.950000e-01 5.312914e-01 4.405017e-01 1.750000e-01 7.000000e-01 5.285638e-01 4.368324e-01
1.750000e-01 7.000000e-01 5.285638e-01 4.368324e-01 1.800000e-01 7.050000e-01 5.256100e-01 4.331058e-01
5.550000e-01 7.000000e-01 2.344971e-01 4.454573e-01 5.500000e-01 7.050000e-01 2.384473e-01 4.410353e-01
5.600000e-01 6.950000e-01 2.308038e-01 4.498295e-01 5.550000e-01 7.000000e-01 2.344971e-01 4.454573e-01
1.055000e+00 7.000000e-01 3.665376e-01 5.691996e-01 1.050000e+00 7.050000e-01 3.642323e-01 5.686312e-01
1.060000e+00 6.950000e-01 3.688945e-01 5.697148e-01 1.055000e+00 7.000000e-01 3.665376e-01 5.691996e-01
-2.700000e-01 7.050000e-01 4.050894e-01 5.308627e-01 -2.700000e-01 7.150000e-01 4.036854e-01 5.311847e-01
1.800000e-01 7.050000e-01 5.256100e-01 4.331058e-01 1.850000e-01 7.100000e-01 5.226094e-01 4.295524e-01
1.850000e-01 7.100000e-01 5.226094e-01 4.295524e-01 1.900000e-01 7.150000e-01 5.193846e-01 4.259630e-01
5.450000e-01 7.100000e-01 2.424333e-01 4.368198e-01 5.400000e-01 7.150000e-01 2.466681e-01 4.325834e-01
5.500000e-01 7.050000e-01 2.384473e-01 4.410353e-01 5.450000e-01 7.100000e-01 2.424333e-01 4.368198e-01
1.050000e+00 7.050000e-01 3.642323e-01 5.686312e-01 1.050000e+00 7.150000e-01 3.657420e-01 5.689735e-01
-2.700000e-01 7.150000e-01 4.036854e-01 5.311847e-01 -2.700000e-01 7.250000e-01 4.022026e-01 5.315789e-01
1.900000e-01 7.150000e-01 5.193846e-01 4.259630e-01 1.950000e-01 7.200000e-01 5.161350e-01 4.225629e-01
1.950000e-01 7.200000e-01 5.161350e-01 4.225629e-01 2.000000e-01 7.250000e-01 5.126671e-01 4.191495e-01
5.350000e-01 7.200000e-01 2.509091e-01 4.285722e-01 5.300000e-01 7.250000e-01 2.553851e-01 4.245701e-01
5.400000e-01 7.150000e-01 2.466681e-01 4.325834e-01 5.350000e-01 7.200000e-01 2.509091e-01 4.285722e-01
1.050000e+00 7.150000e-01 3.657420e-01 5.689735e-01 1.050000e+00 7.250000e-01 3.673313e-01 5.693701e-01
-2.700000e-01 7.250000e-01 4.022026e-01 5.315789e-01 -2.650000e-01 7.300000e-01 4.043074e-01 5.310339e-01
-2.650000e-01 7.300000e-01 4.043074e-01 5.310339e-01 -2.600000e-01 7.350000e-01 4.063558e-01 5.304380e-01
2.000000e-01 7.250000e-01 5.126671e-01 4.191495e-01 2.050000e-01 7.300000e-01 5.091973e-01 4.159381e-01
2.050000e-01 7.300000e-01 5.091973e-01 4.159381e-01 2.100000e-01 7.350000e-01 5.055193e-01 4.127364e-01
5.250000e-01 7.300000e-01 2.598372e-01 4.208065e-01 5.200000e-01 7.350000e-01 2.645050e-01 4.170816e-01
5.300000e-01 7.250000e-01 2.553851e-01 4.245701e-01 5.250000e-01 7.300000e-01 2.598372e-01 4.208065e-01
1.050000e+00 7.250000e-01 3.673313e-01 5.693701e-01 1.050000e+00 7.350000e-01 3.689985e-01 5.698239e-01
-2.600000e-01 7.350000e-01 4.063558e-01 5.304380e-01 -2.600000e-01 7.450000e-01 4.046955e-01 5.309110e-01
2.100000e-01 7.350000e-01 5.055193e-01 4.127364e-01 2.150000e-01 7.400000e-01 5.018626e-01 4.097456e-01
2.150000e-01 7.400000e-01 5.018626e-01 4.097456e-01 2.200000e-01 7.450000e-01 4.980117e-01 4.067875e-01
5.150000e-01 7.400000e-01 2.691199e-01 4.136031e-01 5.100000e-01 7.450000e-01 2.739260e-01 4.101911e-01
5.200000e-01 7.350000e-01 2.645050e-01 4.170816e-01 5.150000e-01 7.400000e-01 2.691199e-01 4.136031e-01
1.050000e+00 7.350000e-01 3.689985e-01 5.698239e-01 1.050000e+00 7.450000e-01 3.707415e-01 5.703380e-01
-2.600000e-01 7.450000e-01 4.046955e-01 5.309110e-01 -2.600000e-01 7.550000e-01 4.029622e-01 5.314663e-01
2.200000e-01 7.450000e-01 4.980117e-01 4.067875e-01 2.250000e-01 7.500000e-01 4.942045e-01 4.040451e-01
2.250000e-01 7.500000e-01 4.942045e-01 4.040451e-01 2.350000e-01 7.500000e-01 4.894507e-01 4.008303e-01
2.350000e-01 7.500000e-01 4.894507e-01 4.008303e-01 2.400000e-01 7.550000e-01 4.852972e-01 3.982106e-01
4.950000e-01 7.500000e-01 2.846573e-01 4.032511e-01 4.900000e-01 7.550000e-01 2.896956e-01 4.002881e-01
4.950000e-01 7.500000e-01 2.846573e-01 4.032511e-01 5.050000e-01 7.500000e-01 2.786527e-01 4.070277e-01
5.100000e-01 7.450000e-01 2.739260e-01 4.101911e-01 5.050000e-01 7.500000e-01 2.786527e-01 4.070277e-01
1.050000e+00 7.450000e-01 3.707415e-01 5.703380e-01 1.050000e+00 7.550000e-01 3.725585e-01 5.709152e-01
-2.600000e-01 7.550000e-01 4.029622e-01 5.314663e-01 -2.550000e-01 7.600000e-01 4.048608e-01 5.308846e-01
-2.550000e-01 7.600000e-01 4.048608e-01 5.308846e-01 -2.500000e-01 7.650000e-01 4.066995e-01 5.302538e-01
2.400000e-01 7.550000e-01 4.852972e-01 3.982106e-01 2.450000e-01 7.600000e-01 4.812221e-01 3.958134e-01
2.450000e-01 7.600000e-01 4.812221e-01 3.958134e-01 2.550000e-01 7.600000e-01 4.757413e-01 3.928493e-01
2.550000e-01 7.600000e-01 4.757413e-01 3.928493e-01 2.600000e-01 7.650000e-01 4.713850e-01 3.906419e-01
4.750000e-01 7.600000e-01 3.012851e-01 3.941757e-01 4.700000e-01 7.650000e-01 3.064137e-01 3.917356e-01
4.750000e-01 7.600000e-01 3.012851e-01 3.941757e-01 4.850000e-01 7.600000e-01 2.946146e-01 3.975752e-01
4.900000e-01 7.550000e-01 2.896956e-01 4.002881e-01 4.850000e-01 7.600000e-01 2.946146e-01 3.975752e-01
1.050000e+00 7.550000e-01 3.725585e-01 5.709152e-01 1.050000e+00 7.650000e-01 3.744476e-01 5.715582e-01
-2.500000e-01 7.650000e-01 4.066995e-01 5.302538e-01 -2.500000e-01 7.750000e-01 4.047986e-01 5.309137e-01
2.600000e-01 7.650000e-01 4.713850e-01 3.906419e-01 2.650000e-01 7.700000e-01 4.671387e-01 3.886548e-01
2.650000e-01 7.700000e-01 4.671387e-01 3.886548e-01 2.750000e-01 7.700000e-01 4.610311e-01 3.860537e-01
2.750000e-01 7.700000e-01 4.610311e-01 3.860537e-01 2.800000e-01 7.750000e-01 4.565871e-01 3.843134e-01
4.550000e-01 7.700000e-01 3.185638e-01 3.866329e-01 4.500000e-01 7.750000e-01 3.236348e-01 3.847577e-01
4.550000e-01 7.700000e-01 3.185638e-01 3.866329e-01 4.650000e-01 7.700000e-01 3.113913e-01 3.895354e-01
4.700000e-01 7.650000e-01 3.064137e-01 3.917356e-01 4.650000e-01 7.700000e-01 3.113913e-01 3.895354e-01
1.045000e+00 7.700000e-01 3.725076e-01 5.709346e-01 1.040000e+00 7.750000e-01 3.706262e-01 5.702604e-01
1.050000e+00 7.650000e-01 3.744476e-01 5.715582e-01 1.045000e+00 7.700000e-01 3.725076e-01 5.709346e-01
-2.500000e-01 7.750000e-01 4.047986e-01 5.309137e-01 -2.450000e-01 7.800000e-01 4.065408e-01 5.303060e-01
-2.450000e-01 7.800000e-01 4.065408e-01 5.303060e-01 -2.400000e-01 7.850000e-01 4.082205e-01 5.296508e-01
2.800000e-01 7.750000e-01 4.565871e-01 3.843134e-01 2.850000e-01 7.800000e-01 4.522782e-01 3.827829e-01
2.850000e-01 7.800000e-01 4.522782e-01 3.827829e-01 2.950000e-01 7.800000e-01 4.456767e-01 3.806422e-01
2.950000e-01 7.800000e-01 4.456767e-01 3.806422e-01 3.050000e-01 7.800000e-01 4.387695e-01 3.787250e-01
3.050000e-01 7.800000e-01 4.387695e-01 3.787250e-01 3.150000e-01 7.800000e-01 4.315789e-01 3.770522e-01
3.150000e-01 7.800000e-01 4.315789e-01 3.770522e-01 3.200000e-01 7.850000e-01 4.271520e-01 3.761310e-01
4.150000e-01 7.800000e-01 3.516159e-01 3.769852e-01 4.100000e-01 7.850000e-01 3.563597e-01 3.760543e-01
4.150000e-01 7.800000e-01 3.516159e-01 3.769852e-01 4.250000e-01 7.800000e-01 3.437243e-01 3.787403e-01
4.250000e-01 7.800000e-01 3.437243e-01 3.787403e-01 4.350000e-01 7.800000e-01 3.360188e-01 3.807858e-01
4.350000e-01 7.800000e-01 3.360188e-01 3.807858e-01 4.450000e-01 7.800000e-01 3.285345e-01 3.831036e-01
4.500000e-01 7.750000e-01 3.236348e-01 3.847577e-01 4.450000e-01 7.800000e-01 3.285345e-01 3.831036e-01
1.040000e+00 7.750000e-01 3.706262e-01 5.702604e-01 1.040000e+00 7.850000e-01 3.726855e-01 5.709757e-01
-2.400000e-01 7.850000e-01 4.082205e-01 5.296508e-01 -2.400000e-01 7.950000e-01 4.061598e-01 5.304330e-01
3.200000e-01 7.850000e-01 4.271520e-01 3.761310e-01 3.250000e-01 7.900000e-01 4.228888e-01 3.753921e-01
3.250000e-01 7.900000e-01 4.228888e-01 3.753921e-01 3.350000e-01 7.900000e-01 4.155016e-01 3.743151e-01
3.350000e-01 7.900000e-01 4.155016e-01 3.743151e-01 3.450000e-01 7.900000e-01 4.079369e-01 3.735261e-01
3.450000e-01 7.900000e-01 4.079369e-01 3.735261e-01 3.550000e-01 7.900000e-01 4.002296e-01 3.730373e-01
3.550000e-01 7.900000e-01 4.002296e-01 3.730373e-01 3.650000e-01 7.900000e-01 3.924175e-01 3.728580e-01
3.650000e-01 7.900000e-01 3.924175e-01 3.728580e-01 3.750000e-01 7.900000e-01 3.845397e-01 3.729941e-01
3.750000e-01 7.900000e-01 3.845397e-01 3.729941e-01 3.850000e-01 7.900000e-01 3.766370e-01 3.734485e-01
3.850000e-01 7.900000e-01 3.766370e-01 3.734485e-01 3.950000e-01 7.900000e-01 3.687504e-01 3.742202e-01
3.950000e-01 7.900000e-01 3.687504e-01 3.742202e-01 4.050000e-01 7.900000e-01 3.609206e-01 3.753049e-01
4.100000e-01 7.850000e-01 3.563597e-01 3.760543e-01 4.050000e-01 7.900000e-01 3.609206e-01 3.753049e-01
1.040000e+00 7.850000e-01 3.726855e-01 5.709757e-01 1.040000e+00 7.950000e-01 3.748109e-01 5.717664e-01
-2.400000e-01 7.950000e-01 4.061598e-01 5.304330e-01 -2.350000e-01 8.000000e-01 4.077463e-01 5.298121e-01
-2.350000e-01 8.000000e-01 4.077463e-01 5.298121e-01 -2.300000e-01 8.050000e-01 4.092680e-01 5.291457e-01
1.040000e+00 7.950000e-01 3.748109e-01 5.717664e-01 1.040000e+00 8.050000e-01 3.770001e-01 5.726348e-01
-2.300000e-01 8.050000e-01 4.092680e-01 5.291457e-01 -2.300000e-01 8.150000e-01 4.070562e-01 5.300675e-01
1.035000e+00 8.100000e-01 3.753152e-01 5.719835e-01 1.030000e+00 8.150000e-01 3.736925e-01 5.712847e-01
1.040000e+00 8.050000e-01 3.770001e-01 5.726348e-01 1.035000e+00 8.100000e-01 3.753152e-01 5.719835e-01
-2.300000e-01 8.150000e-01 4.070562e-01 5.300675e-01 -2.300000e-01 8.250000e-01 4.047884e-01 5.310927e-01
1.030000e+00 8.150000e-01 3.736925e-01 5.712847e-01 1.030000e+00 8.250000e-01 3.760374e-01 5.722562e-01
-2.300000e-01 8.250000e-01 4.047884e-01 5.310927e-01 -2.250000e-01 8.300000e-01 4.061789e-01 5.304972e-01
-2.250000e-01 8.300000e-01 4.061789e-01 5.304972e-01 -2.200000e-01 8.350000e-01 4.075022e-01 5.298599e-01
1.030000e+00 8.250000e-01 3.760374e-01 5.722562e-01 1.030000e+00 8.350000e-01 3.784396e-01 5.733136e-01
-2.200000e-01 8.350000e-01 4.075022e-01 5.298599e-01 -2.200000e-01 8.450000e-01 4.050989e-01 5.310461e-01
1.030000e+00 8.350000e-01 3.784396e-01 5.733136e-01 1.030000e+00 8.450000e-01 3.808965e-01 5.744587e-01
-2.200000e-01 8.450000e-01 4.050989e-01 5.310461e-01 -2.150000e-01 8.500000e-01 4.063416e-01 5.304685e-01
-2.150000e-01 8.500000e-01 4.063416e-01 5.304685e-01 -2.100000e-01 8.550000e-01 4.075152e-01 5.298520e-01
1.025000e+00 8.500000e-01 3.794557e-01 5.738212e-01 1.020000e+00 8.550000e-01 3.780800e-01 5.731404e-01
1.030000e+00 8.450000e-01 3.808965e-01 5.744587e-01 1.025000e+00 8.500000e-01 3.794557e-01 5.738212e-01
-2.100000e-01 8.550000e-01 4.075152e-01 5.298520e-01 -2.050000e-01 8.600000e-01 4.086508e-01 5.292696e-01
-2.050000e-01 8.600000e-01 4.086508e-01 5.292696e-01 -2.000000e-01 8.650000e-01 4.097159e-01 5.286499e-01
1.020000e+00 8.550000e-01 3.780800e-01 5.731404e-01 1.020000e+00 8.650000e-01 3.806746e-01 5.744164e-01
-2.000000e-01 8.650000e-01 4.097159e-01 5.286499e-01 -2.000000e-01 8.750000e-01 4.071160e-01 5.300845e-01
1.015000e+00 8.700000e-01 3.793829e-01 5.737806e-01 1.010000e+00 8.750000e-01 3.781582e-01 5.731040e-01
1.020000e+00 8.650000e-01 3.806746e-01 5.744164e-01 1.015000e+00 8.700000e-01 3.793829e-01 5.737806e-01
-2.000000e-01 8.750000e-01 4.071160e-01 5.300845e-01 -1.950000e-01 8.800000e-01 4.081101e-01 5.295407e-01
-1.950000e-01 8.800000e-01 4.081101e-01 5.295407e-01 -1.900000e-01 8.850000e-01 4.090327e-01 5.289632e-01
1.010000e+00 8.750000e-01 3.781582e-01 5.731040e-01 1.010000e+00 8.850000e-01 3.808805e-01 5.745258e-01
-1.900000e-01 8.850000e-01 4.090327e-01 5.289632e-01 -1.900000e-01 8.950000e-01 4.063283e-01 5.305959e-01
1.010000e+00 8.850000e-01 3.808805e-01 5.745258e-01 1.010000e+00 8.950000e-01 3.836451e-01 5.760465e-01
-1.900000e-01 8.950000e-01 4.063283e-01 5.305959e-01 -1.850000e-01 9.000000e-01 4.071869e-01 5.301033e-01
-1.850000e-01 9.000000e-01 4.071869e-01 5.301033e-01 -1.800000e-01 9.050000e-01 4.079735e-01 5.295806e-01
1.005000e+00 9.000000e-01 3.825364e-01 5.754546e-01 1.000000e+00 9.050000e-01 3.814960e-01 5.748261e-01
1.010000e+00 8.950000e-01 3.836451e-01 5.760465e-01 1.005000e+00 9.000000e-01 3.825364e-01 5.754546e-01
-1.800000e-01 9.050000e-01 4.079735e-01 5.295806e-01 -1.750000e-01 9.100000e-01 4.087311e-01 5.291040e-01
-1.750000e-01 9.100000e-01 4.087311e-01 5.291040e-01 -1.700000e-01 9.150000e-01 4.094156e-01 5.285995e-01
1.000000e+00 9.050000e-01 3.814960e-01 5.748261e-01 1.000000e+00 9.150000e-01 3.843719e-01 5.765107e-01
-1.700000e-01 9.150000e-01 4.094156e-01 5.285995e-01 -1.700000e-01 9.250000e-01 4.065662e-01 5.305375e-01
9.950000e-01 9.200000e-01 3.834014e-01 5.759495e-01 9.900000e-01 9.250000e-01 3.825000e-01 5.753550e-01
1.000000e+00 9.150000e-01 3.843719e-01 5.765107e-01 9.950000e-01 9.200000e-01 3.834014e-01 5.759495e-01
-1.700000e-01 9.250000e-01 4.065662e-01 5.305375e-01 -1.650000e-01 9.300000e-01 4.071992e-01 5.301317e-01
-1.650000e-01 9.300000e-01 4.071992e-01 5.301317e-01 -1.600000e-01 9.350000e-01 4.077592e-01 5.297022e-01
9.900000e-01 9.250000e-01 3.825000e-01 5.753550e-01 9.900000e-01 9.350000e-01 3.854756e-01 5.772159e-01
-1.600000e-01 9.350000e-01 4.077592e-01 5.297022e-01 -1.550000e-01 9.400000e-01 4.082967e-01 5.293252e-01
-1.550000e-01 9.400000e-01 4.082967e-01 5.293252e-01 -1.500000e-01 9.450000e-01 4.087608e-01 5.289270e-01
9.850000e-01 9.400000e-01 3.846375e-01 5.766973e-01 9.800000e-01 9.450000e-01 3.838691e-01 5.761488e-01
9.900000e-01 9.350000e-01 3.854756e-01 5.772159e-01 9.850000e-01 9.400000e-01 3.846375e-01 5.766973e-01
-1.500000e-01 9.450000e-01 4.087608e-01 5.289270e-01 -1.500000e-01 9.550000e-01 4.058021e-01 5.311988e-01
9.800000e-01 9.450000e-01 3.838691e-01 5.761488e-01 9.800000e-01 9.550000e-01 3.869320e-01 5.781972e-01
-1.500000e-01 9.550000e-01 4.058021e-01 5.311988e-01 -1.450000e-01 9.600000e-01 4.062283e-01 5.309109e-01
-1.450000e-01 9.600000e-01 4.062283e-01 5.309109e-01 -1.400000e-01 9.650000e-01 4.065817e-01 5.306062e-01
9.750000e-01 9.600000e-01 3.862197e-01 5.777325e-01 9.700000e-01 9.650000e-01 3.855774e-01 5.772416e-01
9.800000e-01 9.550000e-01 3.869320e-01 5.781972e-01 9.750000e-01 9.600000e-01 3.862197e-01 5.777325e-01
-1.400000e-01 9.650000e-01 4.065817e-01 5.306062e-01 -1.350000e-01 9.700000e-01 4.069197e-01 5.303592e-01
-1.350000e-01 9.700000e-01 4.069197e-01 5.303592e-01 -1.300000e-01 9.750000e-01 4.071851e-01 5.300982e-01
9.700000e-01 9.650000e-01 3.855774e-01 5.772416e-01 9.700000e-01 9.750000e-01 3.887148e-01 5.794873e-01
-1.300000e-01 9.750000e-01 4.071851e-01 5.300982e-01 -1.250000e-01 9.800000e-01 4.074377e-01 5.298968e-01
-1.250000e-01 9.800000e-01 4.074377e-01 5.298968e-01 -1.200000e-01 9.850000e-01 4.076181e-01 5.296843e-01
9.650000e-01 9.800000e-01 3.881210e-01 5.790876e-01 9.600000e-01 9.850000e-01 3.875970e-01 5.786654e-01
9.700000e-01 9.750000e-01 3.887148e-01 5.794873e-01 9.650000e-01 9.800000e-01 3.881210e-01 5.790876e-01
-1.200000e-01 9.850000e-01 4.076181e-01 5.296843e-01 -1.200000e-01 9.950000e-01 4.045665e-01 5.324338e-01
9.600000e-01 9.850000e-01 3.875970e-01 5.786654e-01 9.600000e-01 9.950000e-01 3.907960e-01 5.811168e-01
-1.200000e-01 9.950000e-01 4.045665e-01 5.324338e-01 -1.150000e-01 1.000000e+00 4.047289e-01 5.323445e-01
-1.150000e-01 1.000000e+00 4.047289e-01 5.323445e-01 -1.100000e-01 1.005000e+00 4.048206e-01 5.322484e-01
9.550000e-01 1.000000e+00 3.903129e-01 5.807923e-01 9.500000e-01 1.005000e+00 3.898989e-01 5.804493e-01
9.600000e-01 9.950000e-01 3.907960e-01 5.811168e-01 9.550000e-01 1.000000e+00 3.903129e-01 5.807923e-01
-1.100000e-01 1.005000e+00 4.048206e-01 5.322484e-01 -1.050000e-01 1.010000e+00 4.049071e-01 5.322155e-01
-1.050000e-01 1.010000e+00 4.049071e-01 5.322155e-01 -1.000000e-01 1.015000e+00 4.049236e-01 5.321788e-01
9.450000e-01 1.010000e+00 3.895022e-01 5.801578e-01 9.400000e-01 1.015000e+00 3.891746e-01 5.798502e-01
9.500000e-01 1.005000e+00 3.898989e-01 5.804493e-01 9.450000e-01 1.010000e+00 3.895022e-01 5.801578e-01
-1.000000e-01 1.015000e+00 4.049236e-01 5.321788e-01 -9.500000e-02 1.020000e+00 4.049378e-01 5.322068e-01
-9.500000e-02 1.020000e+00 4.049378e-01 5.322068e-01 -9.000000e-02 1.025000e+00 4.048830e-01 5.322338e-01
9.400000e-01 1.015000e+00 3.891746e-01 5.798502e-01 9.400000e-01 1.025000e+00 3.924524e-01 5.826198e-01
-9.000000e-02 1.025000e+00 4.048830e-01 5.322338e-01 -8.500000e-02 1.030000e+00 4.048288e-01 5.323266e-01
-8.500000e-02 1.030000e+00 4.048288e-01 5.323266e-01 -8.000000e-02 1.035000e+00 4.047068e-01 5.324214e-01
9.350000e-01 1.030000e+00 3.921528e-01 5.824195e-01 9.300000e-01 1.035000e+00 3.919211e-01 5.822074e-01
9.400000e-01 1.025000e+00 3.924524e-01 5.826198e-01 9.350000e-01 1.030000e+00 3.921528e-01 5.824195e-01
-8.000000e-02 1.035000e+00 4.047068e-01 5.324214e-01 -7.500000e-02 1.040000e+00 4.045882e-01 5.325830e-01
-7.500000e-02 1.040000e+00 4.045882e-01 5.325830e-01 -7.000000e-02 1.045000e+00 4.044031e-01 5.327495e-01
9.250000e-01 1.040000e+00 3.917001e-01 5.820511e-01 9.200000e-01 1.045000e+00 3.915465e-01 5.818854e-01
9.300000e-01 1.035000e+00 3.919211e-01 5.822074e-01 9.250000e-01 1.040000e+00 3.917001e-01 5.820511e-01
-7.000000e-02 1.045000e+00 4.044031e-01 5.327495e-01 -6.500000e-02 1.050000e+00 4.042245e-01 5.329836e-01
-6.500000e-02 1.050000e+00 4.042245e-01 5.329836e-01 -6.000000e-02 1.055000e+00 4.039809e-01 5.332255e-01
9.150000e-01 1.050000e+00 3.914010e-01 5.817771e-01 9.100000e-01 1.055000e+00 3.913223e-01 5.816621e-01
9.200000e-01 1.045000e+00 3.915465e-01 5.818854e-01 9.150000e-01 1.050000e+00 3.914010e-01 5.817771e-01
-6.000000e-02 1.055000e+00 4.039809e-01 5.332255e-01 -5.500000e-02 1.060000e+00 4.037465e-01 5.335357e-01
-5.500000e-02 1.060000e+00 4.037465e-01 5.335357e-01 -5.000000e-02 1.065000e+00 4.034490e-01 5.338565e-01
9.050000e-01 1.060000e+00 3.912491e-01 5.816061e-01 9.000000e-01 1.065000e+00 3.912418e-01 5.815461e-01
9.100000e-01 1.055000e+00 3.913223e-01 5.816621e-01 9.050000e-01 1.060000e+00 3.912491e-01 5.816061e-01
-5.000000e-02 1.065000e+00 4.034490e-01 5.338565e-01 -4.500000e-02 1.070000e+00 4.031634e-01 5.342460e-01
-4.500000e-02 1.070000e+00 4.031634e-01 5.342460e-01 -4.000000e-02 1.075000e+00 4.028166e-01 5.346488e-01
8.950000e-01 1.070000e+00 3.912373e-01 5.815465e-01 8.900000e-01 1.075000e+00 3.912978e-01 5.815455e-01
9.000000e-01 1.065000e+00 3.912418e-01 5.815461e-01 8.950000e-01 1.070000e+00 3.912373e-01 5.815465e-01
-4.000000e-02 1.075000e+00 4.028166e-01 5.346488e-01 -3.500000e-02 1.080000e+00 4.024846e-01 5.351207e-01
-3.500000e-02 1.080000e+00 4.024846e-01 5.351207e-01 -3.000000e-02 1.085000e+00 4.020934e-01 5.356087e-01
8.900000e-01 1.075000e+00 3.912978e-01 5.815455e-01 8.900000e-01 1.085000e+00 3.946405e-01 5.850095e-01
-3.000000e-02 1.085000e+00 4.020934e-01 5.356087e-01 -2.500000e-02 1.090000e+00 4.017196e-01 5.361657e-01
-2.500000e-02 1.090000e+00 4.017196e-01 5.361657e-01 -2.000000e-02 1.095000e+00 4.012888e-01 5.367415e-01
8.850000e-01 1.090000e+00 3.946998e-01 5.851317e-01 8.800000e-01 1.095000e+00 3.948216e-01 5.852564e-01
8.900000e-01 1.085000e+00 3.946405e-01 5.850095e-01 8.850000e-01 1.090000e+00 3.946998e-01 5.851317e-01
-2.000000e-02 1.095000e+00 4.012888e-01 5.367415e-01 -1.500000e-02 1.100000e+00 4.008781e-01 5.373862e-01
-1.500000e-02 1.100000e+00 4.008781e-01 5.373862e-01 -1.000000e-02 1.105000e+00 4.004128e-01 5.380521e-01
8.750000e-01 1.100000e+00 3.949396e-01 5.854437e-01 8.700000e-01 1.105000e+00 3.951186e-01 5.856361e-01
8.800000e-01 1.095000e+00 3.948216e-01 5.852564e-01 8.750000e-01 1.100000e+00 3.949396e-01 5.854437e-01
-1.000000e-02 1.105000e+00 4.004128e-01 5.380521e-01 -5.000000e-03 1.110000e+00 3.999699e-01 5.387868e-01
-5.000000e-03 1.110000e+00 3.999699e-01 5.387868e-01 5.000000e-03 1.110000e+00 4.018326e-01 5.359341e-01
5.000000e-03 1.110000e+00 4.018326e-01 5.359341e-01 1.000000e-02 1.115000e+00 4.012865e-01 5.367178e-01
8.650000e-01 1.110000e+00 3.952912e-01 5.858918e-01 8.600000e-01 1.115000e+00 3.955233e-01 5.861553e-01
8.700000e-01 1.105000e+00 3.951186e-01 5.856361e-01 8.650000e-01 1.110000e+00 3.952912e-01 5.858918e-01
1.000000e-02 1.115000e+00 4.012865e-01 5.367178e-01 1.500000e-02 1.120000e+00 4.007669e-01 5.375702e-01
1.500000e-02 1.120000e+00 4.007669e-01 5.375702e-01 2.000000e-02 1.125000e+00 4.001989e-01 5.384504e-01
8.450000e-01 1.120000e+00 3.930128e-01 5.831873e-01 8.400000e-01 1.125000e+00 3.933513e-01 5.835370e-01
8.450000e-01 1.120000e+00 3.930128e-01 5.831873e-01 8.550000e-01 1.120000e+00 3.957464e-01 5.864829e-01
8.600000e-01 1.115000e+00 3.955233e-01 5.861553e-01 8.550000e-01 1.120000e+00 3.957464e-01 5.864829e-01
2.000000e-02 1.125000e+00 4.001989e-01 5.384504e-01 2.500000e-02 1.130000e+00 3.996597e-01 5.393987e-01
2.500000e-02 1.130000e+00 3.996597e-01 5.393987e-01 3.000000e-02 1.135000e+00 3.990749e-01 5.403768e-01
8.350000e-01 1.130000e+00 3.936767e-01 5.839523e-01 8.300000e-01 1.135000e+00 3.940577e-01 5.843819e-01
8.400000e-01 1.125000e+00 3.933513e-01 5.835370e-01 8.350000e-01 1.130000e+00 3.936767e-01 5.839523e-01
3.000000e-02 1.135000e+00 3.990749e-01 5.403768e-01 3.500000e-02 1.140000e+00 3.985209e-01 5.414221e-01
3.500000e-02 1.140000e+00 3.985209e-01 5.414221e-01 4.500000e-02 1.140000e+00 3.999782e-01 5.387713e-01
4.500000e-02 1.140000e+00 3.999782e-01 5.387713e-01 5.000000e-02 1.145000e+00 3.993402e-01 5.398820e-01
8.250000e-01 1.140000e+00 3.944230e-01 5.848772e-01 8.200000e-01 1.145000e+00 3.948419e-01 5.853894e-01
8.300000e-01 1.135000e+00 3.940577e-01 5.843819e-01 8.250000e-01 1.140000e+00 3.944230e-01 5.848772e-01
5.000000e-02 1.145000e+00 3.993402e-01 5.398820e-01 5.500000e-02 1.150000e+00 3.987366e-01 5.410592e-01
5.500000e-02 1.150000e+00 3.987366e-01 5.410592e-01 6.000000e-02 1.155000e+00 3.980947e-01 5.422718e-01
8.150000e-01 1.150000e+00 3.952428e-01 5.859674e-01 8.100000e-01 1.155000e+00 3.956949e-01 5.865647e-01
8.200000e-01 1.145000e+00 3.948419e-01 5.853894e-01 8.150000e-01 1.150000e+00 3.952428e-01 5.859674e-01
6.000000e-02 1.155000e+00 3.980947e-01 5.422718e-01 6.500000e-02 1.160000e+00 3.974890e-01 5.435496e-01
6.500000e-02 1.160000e+00 3.974890e-01 5.435496e-01 7.500000e-02 1.160000e+00 3.986764e-01 5.410802e-01
7.500000e-02 1.160000e+00 3.986764e-01 5.410802e-01 8.000000e-02 1.165000e+00 3.980020e-01 5.424333e-01
7.950000e-01 1.160000e+00 3.939373e-01 5.840769e-01 7.900000e-01 1.165000e+00 3.944663e-01 5.847847e-01
7.950000e-01 1.160000e+00 3.939373e-01 5.840769e-01 8.050000e-01 1.160000e+00 3.961266e-01 5.872277e-01
8.100000e-01 1.155000e+00 3.956949e-01 5.865647e-01 8.050000e-01 1.160000e+00 3.961266e-01 5.872277e-01
8.000000e-02 1.165000e+00 3.980020e-01 5.424333e-01 8.500000e-02 1.170000e+00 3.973669e-01 5.438505e-01
8.500000e-02 1.170000e+00 3.973669e-01 5.438505e-01 9.000000e-02 1.175000e+00 3.967015e-01 5.453076e-01
7.850000e-01 1.170000e+00 3.949709e-01 5.855586e-01 7.800000e-01 1.175000e+00 3.955212e-01 5.863578e-01
7.900000e-01 1.165000e+00 3.944663e-01 5.847847e-01 7.850000e-01 1.170000e+00 3.949709e-01 5.855586e-01
9.000000e-02 1.175000e+00 3.967015e-01 5.453076e-01 9.500000e-02 1.180000e+00 3.960766e-01 5.468271e-01
9.500000e-02 1.180000e+00 3.960766e-01 5.468271e-01 1.050000e-01 1.180000e+00 3.970334e-01 5.445663e-01
1.050000e-01 1.180000e+00 3.970334e-01 5.445663e-01 1.100000e-01 1.185000e+00 3.963563e-01 5.461694e-01
7.650000e-01 1.180000e+00 3.941510e-01 5.841947e-01 7.600000e-01 1.185000e+00 3.947598e-01 5.851161e-01
7.650000e-01 1.180000e+00 3.941510e-01 5.841947e-01 7.750000e-01 1.180000e+00 3.960451e-01 5.872227e-01
7.800000e-01 1.175000e+00 3.955212e-01 5.863578e-01 7.750000e-01 1.180000e+00 3.960451e-01 5.872227e-01
1.100000e-01 1.185000e+00 3.963563e-01 5.461694e-01 1.150000e-01 1.190000e+00 3.957223e-01 5.478333e-01
1.150000e-01 1.190000e+00 3.957223e-01 5.478333e-01 1.250000e-01 1.190000e+00 3.965293e-01 5.457142e-01
1.250000e-01 1.190000e+00 3.965293e-01 5.457142e-01 1.300000e-01 1.195000e+00 3.958536e-01 5.474661e-01
7.550000e-01 1.190000e+00 3.953387e-01 5.861028e-01 7.500000e-01 1.195000e+00 3.959566e-01 5.871205e-01
7.600000e-01 1.185000e+00 3.947598e-01 5.851161e-01 7.550000e-01 1.190000e+00 3.953387e-01 5.861028e-01
1.300000e-01 1.195000e+00 3.958536e-01 5.474661e-01 1.350000e-01 1.200000e+00 3.952229e-01 5.492768e-01
1.350000e-01 1.200000e+00 3.952229e-01 5.492768e-01 1.450000e-01 1.200000e+00 3.958963e-01 5.473088e-01
1.450000e-01 1.200000e+00 3.958963e-01 5.473088e-01 1.500000e-01 1.205000e+00 3.952348e-01 5.492112e-01
7.350000e-01 1.200000e+00 3.949132e-01 5.853284e-01 7.300000e-01 1.205000e+00 3.955704e-01 5.864775e-01
7.350000e-01 1.200000e+00 3.949132e-01 5.853284e-01 7.450000e-01 1.200000e+00 3.965427e-01 5.882029e-01
7.500000e-01 1.195000e+00 3.959566e-01 5.871205e-01 7.450000e-01 1.200000e+00 3.965427e-01 5.882029e-01
1.500000e-01 1.205000e+00 3.952348e-01 5.492112e-01 1.550000e-01 1.210000e+00 3.946201e-01 5.511701e-01
1.550000e-01 1.210000e+00 3.946201e-01 5.511701e-01 1.650000e-01 1.210000e+00 3.951770e-01 5.493612e-01
1.650000e-01 1.210000e+00 3.951770e-01 5.493612e-01 1.700000e-01 1.215000e+00 3.945423e-01 5.514148e-01
7.150000e-01 1.210000e+00 3.947336e-01 5.849229e-01 7.100000e-01 1.215000e+00 3.954181e-01 5.862088e-01
7.150000e-01 1.210000e+00 3.947336e-01 5.849229e-01 7.250000e-01 1.210000e+00 3.961927e-01 5.876906e-01
7.300000e-01 1.205000e+00 3.955704e-01 5.864775e-01 7.250000e-01 1.210000e+00 3.961927e-01 5.876906e-01
1.700000e-01 1.215000e+00 3.945423e-01 5.514148e-01 1.750000e-01 1.220000e+00 3.939555e-01 5.535224e-01
1.750000e-01 1.220000e+00 3.939555e-01 5.535224e-01 1.850000e-01 1.220000e+00 3.944136e-01 5.518793e-01
1.850000e-01 1.220000e+00 3.944136e-01 5.518793e-01 1.900000e-01 1.225000e+00 3.938178e-01 5.540839e-01
6.950000e-01 1.220000e+00 3.947627e-01 5.849076e-01 6.900000e-01 1.225000e+00 3.954622e-01 5.863347e-01
6.950000e-01 1.220000e+00 3.947627e-01 5.849076e-01 7.050000e-01 1.220000e+00 3.960647e-01 5.875575e-01
7.100000e-01 1.215000e+00 3.954181e-01 5.862088e-01 7.050000e-01 1.220000e+00 3.960647e-01 5.875575e-01
1.900000e-01 1.225000e+00 3.938178e-01 5.540839e-01 1.950000e-01 1.230000e+00 3.932709e-01 5.563398e-01
1.950000e-01 1.230000e+00 3.932709e-01 5.563398e-01 2.050000e-01 1.230000e+00 3.936481e-01 5.548680e-01
2.050000e-01 1.230000e+00 3.936481e-01 5.548680e-01 2.150000e-01 1.230000e+00 3.939531e-01 5.534723e-01
2.150000e-01 1.230000e+00 3.939531e-01 5.534723e-01 2.200000e-01 1.235000e+00 3.934124e-01 5.558765e-01
6.650000e-01 1.230000e+00 3.938954e-01 5.828298e-01 6.600000e-01 1.235000e+00 3.946161e-01 5.844450e-01
6.650000e-01 1.230000e+00 3.938954e-01 5.828298e-01 6.750000e-01 1.230000e+00 3.949623e-01 5.853011e-01
6.750000e-01 1.230000e+00 3.949623e-01 5.853011e-01 6.850000e-01 1.230000e+00 3.961212e-01 5.878232e-01
6.900000e-01 1.225000e+00 3.954622e-01 5.863347e-01 6.850000e-01 1.230000e+00 3.961212e-01 5.878232e-01
2.200000e-01 1.235000e+00 3.934124e-01 5.558765e-01 2.250000e-01 1.240000e+00 3.929215e-01 5.583285e-01
2.250000e-01 1.240000e+00 3.929215e-01 5.583285e-01 2.350000e-01 1.240000e+00 3.931714e-01 5.571112e-01
2.350000e-01 1.240000e+00 3.931714e-01 5.571112e-01 2.450000e-01 1.240000e+00 3.933599e-01 5.559748e-01
2.450000e-01 1.240000e+00 3.933599e-01 5.559748e-01 2.500000e-01 1.245000e+00 3.928982e-01 5.585766e-01
6.350000e-01 1.240000e+00 3.934889e-01 5.815185e-01 6.300000e-01 1.245000e+00 3.942062e-01 5.833291e-01
6.350000e-01 1.240000e+00 3.934889e-01 5.815185e-01 6.450000e-01 1.240000e+00 3.943486e-01 5.837903e-01
6.450000e-01 1.240000e+00 3.943486e-01 5.837903e-01 6.550000e-01 1.240000e+00 3.952930e-01 5.861196e-01
6.600000e-01 1.235000e+00 3.946161e-01 5.844450e-01 6.550000e-01 1.240000e+00 3.952930e-01 5.861196e-01
2.500000e-01 1.245000e+00 3.928982e-01 5.585766e-01 2.550000e-01 1.250000e+00 3.924864e-01 5.612229e-01
2.550000e-01 1.250000e+00 3.924864e-01 5.612229e-01 2.650000e-01 1.250000e+00 3.926461e-01 5.602691e-01
2.650000e-01 1.250000e+00 3.926461e-01 5.602691e-01 2.750000e-01 1.250000e+00 3.927557e-01 5.593997e-01
2.750000e-01 1.250000e+00 3.927557e-01 5.593997e-01 2.850000e-01 1.250000e+00 3.928186e-01 5.586164e-01
2.850000e-01 1.250000e+00 3.928186e-01 5.586164e-01 2.900000e-01 1.255000e+00 3.924805e-01 5.614612e-01
6.050000e-01 1.250000e+00 3.934340e-01 5.810255e-01 6.000000e-01 1.255000e+00 3.941229e-01 5.830362e-01
6.050000e-01 1.250000e+00 3.934340e-01 5.810255e-01 6.150000e-01 1.250000e+00 3.941173e-01 5.830791e-01
6.150000e-01 1.250000e+00 3.941173e-01 5.830791e-01 6.250000e-01 1.250000e+00 3.948768e-01 5.851967e-01
6.300000e-01 1.245000e+00 3.942062e-01 5.833291e-01 6.250000e-01 1.250000e+00 3.948768e-01 5.851967e-01
2.900000e-01 1.255000e+00 3.924805e-01 5.614612e-01 2.950000e-01 1.260000e+00 3.921914e-01 5.643459e-01
2.950000e-01 1.260000e+00 3.921914e-01 5.643459e-01 3.050000e-01 1.260000e+00 3.922599e-01 5.637478e-01
3.050000e-01 1.260000e+00 3.922599e-01 5.637478e-01 3.150000e-01 1.260000e+00 3.922936e-01 5.632377e-01
3.150000e-01 1.260000e+00 3.922936e-01 5.632377e-01 3.250000e-01 1.260000e+00 3.922961e-01 5.628165e-01
3.250000e-01 1.260000e+00 3.922961e-01 5.628165e-01 3.300000e-01 1.265000e+00 3.921179e-01 5.658943e-01
5.550000e-01 1.260000e+00 3.927258e-01 5.779693e-01 5.500000e-01 1.265000e+00 3.933473e-01 5.802838e-01
5.550000e-01 1.260000e+00 3.927258e-01 5.779693e-01 5.650000e-01 1.260000e+00 3.931402e-01 5.796439e-01
5.650000e-01 1.260000e+00 3.931402e-01 5.796439e-01 5.750000e-01 1.260000e+00 3.936161e-01 5.813920e-01
5.750000e-01 1.260000e+00 3.936161e-01 5.813920e-01 5.850000e-01 1.260000e+00 3.941562e-01 5.832117e-01
5.850000e-01 1.260000e+00 3.941562e-01 5.832117e-01 5.950000e-01 1.260000e+00 3.947631e-01 5.851011e-01
6.000000e-01 1.255000e+00 3.941229e-01 5.830362e-01 5.950000e-01 1.260000e+00 3.947631e-01 5.851011e-01
3.300000e-01 1.265000e+00 3.921179e-01 5.658943e-01 3.350000e-01 1.270000e+00 3.919870e-01 5.690077e-01
3.350000e-01 1.270000e+00 3.919870e-01 5.690077e-01 3.450000e-01 1.270000e+00 3.920285e-01 5.687701e-01
3.450000e-01 1.270000e+00 3.920285e-01 5.687701e-01 3.550000e-01 1.270000e+00 3.920509e-01 5.686217e-01
3.550000e-01 1.270000e+00 3.920509e-01 5.686217e-01 3.650000e-01 1.270000e+00 3.920579e-01 5.685632e-01
3.650000e-01 1.270000e+00 3.920579e-01 5.685632e-01 3.750000e-01 1.270000e+00 3.920534e-01 5.685948e-01
3.750000e-01 1.270000e+00 3.920534e-01 5.685948e-01 3.850000e-01 1.270000e+00 3.920412e-01 5.687168e-01
3.850000e-01 1.270000e+00 3.920412e-01 5.687168e-01 3.950000e-01 1.270000e+00 3.920252e-01 5.689292e-01
3.950000e-01 1.270000e+00 3.920252e-01 5.689292e-01 4.050000e-01 1.270000e+00 3.920093e-01 5.692318e-01
4.050000e-01 1.270000e+00 3.920093e-01 5.692318e-01 4.150000e-01 1.270000e+00 3.919974e-01 5.696247e-01
4.150000e-01 1.270000e+00 3.919974e-01 5.696247e-01 4.250000e-01 1.270000e+00 3.919932e-01 5.701075e-01
4.250000e-01 1.270000e+00 3.919932e-01 5.701075e-01 4.350000e-01 1.270000e+00 3.920008e-01 5.706797e-01
4.350000e-01 1.270000e+00 3.920008e-01 5.706797e-01 4.450000e-01 1.270000e+00 3.920239e-01 5.713408e-01
4.450000e-01 1.270000e+00 3.920239e-01 5.713408e-01 4.550000e-01 1.270000e+00 3.920663e-01 5.720903e-01
4.550000e-01 1.270000e+00 3.920663e-01 5.720903e-01 4.650000e-01 1.270000e+00 3.921319e-01 5.729273e-01
4.650000e-01 1.270000e+00 3.921319e-01 5.729273e-01 4.750000e-01 1.270000e+00 3.922242e-01 5.738509e-01
4.750000e-01 1.270000e+00 3.922242e-01 5.738509e-01 4.850000e-01 1.270000e+00 3.923469e-01 5.748602e-01
4.850000e-01 1.270000e+00 3.923469e-01 5.748602e-01 4.950000e-01 1.270000e+00 3.925037e-01 5.759542e-01
4.950000e-01 1.270000e+00 3.925037e-01 5.759542e-01 5.050000e-01 1.270000e+00 3.926980e-01 5.771315e-01
5.050000e-01 1.270000e+00 3.926980e-01 5.771315e-01 5.150000e-01 1.270000e+00 3.929333e-01 5.783910e-01
5.150000e-01 1.270000e+00 3.929333e-01 5.783910e-01 5.250000e-01 1.270000e+00 3.932129e-01 5.797311e-01
5.250000e-01 1.270000e+00 3.932129e-01 5.797311e-01 5.350000e-01 1.270000e+00 3.935401e-01 5.811506e-01
5.350000e-01 1.270000e+00 3.935401e-01 5.811506e-01 5.450000e-01 1.270000e+00 3.939180e-01 5.826478e-01
5.500000e-01 1.265000e+00 3.933473e-01 5.802838e-01 5.450000e-01 1.270000e+00 3.939180e-01 5.826478e-01
