2.350000e-01 -1.600000e-01 3.609735e-01 5.315674e-01 2.300000e-01 -1.550000e-01 3.614763e-01 5.340865e-01
2.350000e-01 -1.600000e-01 3.609735e-01 5.315674e-01 2.450000e-01 -1.600000e-01 3.612585e-01 5.328239e-01
2.450000e-01 -1.600000e-01 3.612585e-01 5.328239e-01 2.550000e-01 -1.600000e-01 3.615011e-01 5.339987e-01
2.550000e-01 -1.600000e-01 3.615011e-01 5.339987e-01 2.650000e-01 -1.600000e-01 3.617046e-01 5.350906e-01
2.650000e-01 -1.600000e-01 3.617046e-01 5.350906e-01 2.750000e-01 -1.600000e-01 3.618726e-01 5.360984e-01
2.750000e-01 -1.600000e-01 3.618726e-01 5.360984e-01 2.850000e-01 -1.600000e-01 3.620085e-01 5.370210e-01
2.850000e-01 -1.600000e-01 3.620085e-01 5.370210e-01 2.950000e-01 -1.600000e-01 3.621160e-01 5.378573e-01
2.950000e-01 -1.600000e-01 3.621160e-01 5.378573e-01 3.050000e-01 -1.600000e-01 3.621986e-01 5.386065e-01
3.050000e-01 -1.600000e-01 3.621986e-01 5.386065e-01 3.150000e-01 -1.600000e-01 3.622602e-01 5.392677e-01
3.150000e-01 -1.600000e-01 3.622602e-01 5.392677e-01 3.250000e-01 -1.600000e-01 3.623045e-01 5.398403e-01
3.250000e-01 -1.600000e-01 3.623045e-01 5.398403e-01 3.350000e-01 -1.600000e-01 3.623352e-01 5.403237e-01
3.350000e-01 -1.600000e-01 3.623352e-01 5.403237e-01 3.450000e-01 -1.600000e-01 3.623563e-01 5.407174e-01
3.450000e-01 -1.600000e-01 3.623563e-01 5.407174e-01 3.550000e-01 -1.600000e-01 3.623715e-01 5.410213e-01
3.550000e-01 -1.600000e-01 3.623715e-01 5.410213e-01 3.650000e-01 -1.600000e-01 3.623848e-01 5.412348e-01
3.650000e-01 -1.600000e-01 3.623848e-01 5.412348e-01 3.750000e-01 -1.600000e-01 3.624000e-01 5.413581e-01
3.750000e-01 -1.600000e-01 3.624000e-01 5.413581e-01 3.850000e-01 -1.600000e-01 3.624209e-01 5.413912e-01
3.850000e-01 -1.600000e-01 3.624209e-01 5.413912e-01 3.950000e-01 -1.600000e-01 3.624514e-01 5.413341e-01
3.950000e-01 -1.600000e-01 3.624514e-01 5.413341e-01 4.000000e-01 -1.550000e-01 3.624000e-01 5.445404e-01
1.850000e-01 -1.500000e-01 3.604918e-01 5.303402e-01 1.800000e-01 -1.450000e-01 3.610954e-01 5.325575e-01
1.850000e-01 -1.500000e-01 3.604918e-01 5.303402e-01 1.950000e-01 -1.500000e-01 3.609630e-01 5.320085e-01
1.950000e-01 -1.500000e-01 3.609630e-01 5.320085e-01 2.050000e-01 -1.500000e-01 3.613745e-01 5.336022e-01
2.050000e-01 -1.500000e-01 3.613745e-01 5.336022e-01 2.150000e-01 -1.500000e-01 3.617293e-01 5.351195e-01
2.150000e-01 -1.500000e-01 3.617293e-01 5.351195e-01 2.250000e-01 -1.500000e-01 3.620305e-01 5.365585e-01
2.300000e-01 -1.550000e-01 3.614763e-01 5.340865e-01 2.250000e-01 -1.500000e-01 3.620305e-01 5.365585e-01
4.000000e-01 -1.550000e-01 3.624000e-01 5.445404e-01 4.050000e-01 -1.500000e-01 3.623023e-01 5.477125e-01
4.050000e-01 -1.500000e-01 3.623023e-01 5.477125e-01 4.150000e-01 -1.500000e-01 3.622735e-01 5.474725e-01
4.150000e-01 -1.500000e-01 3.622735e-01 5.474725e-01 4.250000e-01 -1.500000e-01 3.622663e-01 5.471421e-01
4.250000e-01 -1.500000e-01 3.622663e-01 5.471421e-01 4.350000e-01 -1.500000e-01 3.622845e-01 5.467218e-01
4.350000e-01 -1.500000e-01 3.622845e-01 5.467218e-01 4.450000e-01 -1.500000e-01 3.623319e-01 5.462125e-01
4.450000e-01 -1.500000e-01 3.623319e-01 5.462125e-01 4.550000e-01 -1.500000e-01 3.624121e-01 5.456151e-01
4.550000e-01 -1.500000e-01 3.624121e-01 5.456151e-01 4.600000e-01 -1.450000e-01 3.621282e-01 5.484990e-01
1.450000e-01 -1.400000e-01 3.599517e-01 5.289929e-01 1.400000e-01 -1.350000e-01 3.606007e-01 5.309614e-01
1.450000e-01 -1.400000e-01 3.599517e-01 5.289929e-01 1.550000e-01 -1.400000e-01 3.606223e-01 5.309710e-01
1.550000e-01 -1.400000e-01 3.606223e-01 5.309710e-01 1.650000e-01 -1.400000e-01 3.612207e-01 5.328817e-01
1.650000e-01 -1.400000e-01 3.612207e-01 5.328817e-01 1.750000e-01 -1.400000e-01 3.617493e-01 5.347226e-01
1.800000e-01 -1.450000e-01 3.610954e-01 5.325575e-01 1.750000e-01 -1.400000e-01 3.617493e-01 5.347226e-01
4.600000e-01 -1.450000e-01 3.621282e-01 5.484990e-01 4.650000e-01 -1.400000e-01 3.617949e-01 5.513428e-01
4.650000e-01 -1.400000e-01 3.617949e-01 5.513428e-01 4.750000e-01 -1.400000e-01 3.618655e-01 5.505593e-01
4.750000e-01 -1.400000e-01 3.618655e-01 5.505593e-01 4.850000e-01 -1.400000e-01 3.619809e-01 5.496895e-01
4.850000e-01 -1.400000e-01 3.619809e-01 5.496895e-01 4.950000e-01 -1.400000e-01 3.621446e-01 5.487348e-01
4.950000e-01 -1.400000e-01 3.621446e-01 5.487348e-01 5.000000e-01 -1.350000e-01 3.617332e-01 5.513790e-01
1.150000e-01 -1.300000e-01 3.596966e-01 5.285352e-01 1.100000e-01 -1.250000e-01 3.603639e-01 5.303075e-01
1.150000e-01 -1.300000e-01 3.596966e-01 5.285352e-01 1.250000e-01 -1.300000e-01 3.605378e-01 5.307354e-01
1.250000e-01 -1.300000e-01 3.605378e-01 5.307354e-01 1.350000e-01 -1.300000e-01 3.612976e-01 5.328740e-01
1.400000e-01 -1.350000e-01 3.606007e-01 5.309614e-01 1.350000e-01 -1.300000e-01 3.612976e-01 5.328740e-01
5.000000e-01 -1.350000e-01 3.617332e-01 5.513790e-01 5.050000e-01 -1.300000e-01 3.612717e-01 5.539784e-01
5.050000e-01 -1.300000e-01 3.612717e-01 5.539784e-01 5.150000e-01 -1.300000e-01 3.614601e-01 5.528401e-01
5.150000e-01 -1.300000e-01 3.614601e-01 5.528401e-01 5.250000e-01 -1.300000e-01 3.617083e-01 5.516202e-01
5.250000e-01 -1.300000e-01 3.617083e-01 5.516202e-01 5.300000e-01 -1.250000e-01 3.612142e-01 5.540689e-01
8.500000e-02 -1.200000e-01 3.590803e-01 5.272677e-01 8.000000e-02 -1.150000e-01 3.597416e-01 5.288493e-01
8.500000e-02 -1.200000e-01 3.590803e-01 5.272677e-01 9.500000e-02 -1.200000e-01 3.601231e-01 5.296718e-01
9.500000e-02 -1.200000e-01 3.601231e-01 5.296718e-01 1.050000e-01 -1.200000e-01 3.610768e-01 5.320212e-01
1.100000e-01 -1.250000e-01 3.603639e-01 5.303075e-01 1.050000e-01 -1.200000e-01 3.610768e-01 5.320212e-01
5.300000e-01 -1.250000e-01 3.612142e-01 5.540689e-01 5.350000e-01 -1.200000e-01 3.606698e-01 5.564693e-01
5.350000e-01 -1.200000e-01 3.606698e-01 5.564693e-01 5.450000e-01 -1.200000e-01 3.609692e-01 5.550698e-01
5.450000e-01 -1.200000e-01 3.609692e-01 5.550698e-01 5.550000e-01 -1.200000e-01 3.613392e-01 5.535935e-01
5.550000e-01 -1.200000e-01 3.613392e-01 5.535935e-01 5.600000e-01 -1.150000e-01 3.607854e-01 5.558443e-01
6.500000e-02 -1.100000e-01 3.592685e-01 5.278299e-01 6.000000e-02 -1.050000e-01 3.599258e-01 5.292680e-01
6.500000e-02 -1.100000e-01 3.592685e-01 5.278299e-01 7.500000e-02 -1.100000e-01 3.604454e-01 5.303700e-01
8.000000e-02 -1.150000e-01 3.597416e-01 5.288493e-01 7.500000e-02 -1.100000e-01 3.604454e-01 5.303700e-01
5.600000e-01 -1.150000e-01 3.607854e-01 5.558443e-01 5.650000e-01 -1.100000e-01 3.601822e-01 5.580434e-01
5.650000e-01 -1.100000e-01 3.601822e-01 5.580434e-01 5.750000e-01 -1.100000e-01 3.606294e-01 5.563943e-01
5.750000e-01 -1.100000e-01 3.606294e-01 5.563943e-01 5.800000e-01 -1.050000e-01 3.600333e-01 5.584954e-01
4.500000e-02 -1.000000e-01 3.592971e-01 5.279774e-01 4.000000e-02 -9.500000e-02 3.599382e-01 5.292757e-01
4.500000e-02 -1.000000e-01 3.592971e-01 5.279774e-01 5.500000e-02 -1.000000e-01 3.606231e-01 5.306437e-01
6.000000e-02 -1.050000e-01 3.599258e-01 5.292680e-01 5.500000e-02 -1.000000e-01 3.606231e-01 5.306437e-01
5.800000e-01 -1.050000e-01 3.600333e-01 5.584954e-01 5.850000e-01 -1.000000e-01 3.593885e-01 5.605421e-01
5.850000e-01 -1.000000e-01 3.593885e-01 5.605421e-01 5.950000e-01 -1.000000e-01 3.599312e-01 5.587255e-01
5.950000e-01 -1.000000e-01 3.599312e-01 5.587255e-01 6.050000e-01 -1.000000e-01 3.605613e-01 5.568416e-01
6.050000e-01 -1.000000e-01 3.605613e-01 5.568416e-01 6.100000e-01 -9.500000e-02 3.599470e-01 5.587458e-01
2.500000e-02 -9.000000e-02 3.591276e-01 5.277282e-01 2.000000e-02 -8.500000e-02 3.597404e-01 5.288910e-01
2.500000e-02 -9.000000e-02 3.591276e-01 5.277282e-01 3.500000e-02 -9.000000e-02 3.606166e-01 5.305102e-01
4.000000e-02 -9.500000e-02 3.599382e-01 5.292757e-01 3.500000e-02 -9.000000e-02 3.606166e-01 5.305102e-01
6.100000e-01 -9.500000e-02 3.599470e-01 5.587458e-01 6.150000e-01 -9.000000e-02 3.592863e-01 5.605927e-01
6.150000e-01 -9.000000e-02 3.592863e-01 5.605927e-01 6.250000e-01 -9.000000e-02 3.600362e-01 5.585524e-01
6.250000e-01 -9.000000e-02 3.600362e-01 5.585524e-01 6.300000e-01 -8.500000e-02 3.594089e-01 5.603084e-01
5.000000e-03 -8.000000e-02 3.587226e-01 5.271026e-01 1.066855e-16 -7.500000e-02 3.592953e-01 5.281352e-01
5.000000e-03 -8.000000e-02 3.587226e-01 5.271026e-01 1.500000e-02 -8.000000e-02 3.603875e-01 5.299889e-01
2.000000e-02 -8.500000e-02 3.597404e-01 5.288910e-01 1.500000e-02 -8.000000e-02 3.603875e-01 5.299889e-01
6.300000e-01 -8.500000e-02 3.594089e-01 5.603084e-01 6.350000e-01 -8.000000e-02 3.587370e-01 5.620048e-01
6.350000e-01 -8.000000e-02 3.587370e-01 5.620048e-01 6.450000e-01 -8.000000e-02 3.596235e-01 5.598165e-01
6.450000e-01 -8.000000e-02 3.596235e-01 5.598165e-01 6.500000e-01 -7.500000e-02 3.589956e-01 5.614260e-01
-5.000000e-03 -7.000000e-02 3.598990e-01 5.291022e-01 -1.000000e-02 -6.500000e-02 3.604620e-01 5.300392e-01
1.066855e-16 -7.500000e-02 3.592953e-01 5.281352e-01 -5.000000e-03 -7.000000e-02 3.598990e-01 5.291022e-01
6.500000e-01 -7.500000e-02 3.589956e-01 5.614260e-01 6.550000e-01 -7.000000e-02 3.583255e-01 5.629740e-01
6.550000e-01 -7.000000e-02 3.583255e-01 5.629740e-01 6.600000e-01 -6.500000e-02 3.576815e-01 5.644802e-01
-2.500000e-02 -6.000000e-02 3.591161e-01 5.278747e-01 -3.000000e-02 -5.500000e-02 3.596201e-01 5.286908e-01
-2.500000e-02 -6.000000e-02 3.591161e-01 5.278747e-01 -1.500000e-02 -6.000000e-02 3.610540e-01 5.309098e-01
-1.000000e-02 -6.500000e-02 3.604620e-01 5.300392e-01 -1.500000e-02 -6.000000e-02 3.610540e-01 5.309098e-01
6.600000e-01 -6.500000e-02 3.576815e-01 5.644802e-01 6.650000e-01 -6.000000e-02 3.569965e-01 5.659233e-01
6.650000e-01 -6.000000e-02 3.569965e-01 5.659233e-01 6.750000e-01 -6.000000e-02 3.580931e-01 5.635154e-01
6.750000e-01 -6.000000e-02 3.580931e-01 5.635154e-01 6.800000e-01 -5.500000e-02 3.574689e-01 5.648788e-01
-3.500000e-02 -5.000000e-02 3.601496e-01 5.294404e-01 -4.000000e-02 -4.500000e-02 3.606318e-01 5.301657e-01
-3.000000e-02 -5.500000e-02 3.596201e-01 5.286908e-01 -3.500000e-02 -5.000000e-02 3.601496e-01 5.294404e-01
6.800000e-01 -5.500000e-02 3.574689e-01 5.648788e-01 6.850000e-01 -5.000000e-02 3.568063e-01 5.661776e-01
6.850000e-01 -5.000000e-02 3.568063e-01 5.661776e-01 6.950000e-01 -5.000000e-02 3.580803e-01 5.636472e-01
6.950000e-01 -5.000000e-02 3.580803e-01 5.636472e-01 7.000000e-01 -4.500000e-02 3.574884e-01 5.648723e-01
-5.500000e-02 -4.000000e-02 3.588964e-01 5.276715e-01 -6.000000e-02 -3.500000e-02 3.593018e-01 5.282874e-01
-5.500000e-02 -4.000000e-02 3.588964e-01 5.276715e-01 -4.500000e-02 -4.000000e-02 3.611373e-01 5.308241e-01
-4.000000e-02 -4.500000e-02 3.606318e-01 5.301657e-01 -4.500000e-02 -4.000000e-02 3.611373e-01 5.308241e-01
7.000000e-01 -4.500000e-02 3.574884e-01 5.648723e-01 7.050000e-01 -4.000000e-02 3.568613e-01 5.660315e-01
7.050000e-01 -4.000000e-02 3.568613e-01 5.660315e-01 7.100000e-01 -3.500000e-02 3.562733e-01 5.671564e-01
-6.500000e-02 -3.000000e-02 3.597265e-01 5.288371e-01 -7.000000e-02 -2.500000e-02 3.600985e-01 5.293686e-01
-6.000000e-02 -3.500000e-02 3.593018e-01 5.282874e-01 -6.500000e-02 -3.000000e-02 3.597265e-01 5.288371e-01
7.100000e-01 -3.500000e-02 3.562733e-01 5.671564e-01 7.150000e-01 -3.000000e-02 3.556519e-01 5.682141e-01
7.150000e-01 -3.000000e-02 3.556519e-01 5.682141e-01 7.250000e-01 -3.000000e-02 3.571993e-01 5.655081e-01
7.250000e-01 -3.000000e-02 3.571993e-01 5.655081e-01 7.300000e-01 -2.500000e-02 3.566637e-01 5.665025e-01
-7.500000e-02 -2.000000e-02 3.604874e-01 5.298337e-01 -8.000000e-02 -1.500000e-02 3.608214e-01 5.302832e-01
-7.000000e-02 -2.500000e-02 3.600985e-01 5.293686e-01 -7.500000e-02 -2.000000e-02 3.604874e-01 5.298337e-01
7.300000e-01 -2.500000e-02 3.566637e-01 5.665025e-01 7.350000e-01 -2.000000e-02 3.560983e-01 5.674293e-01
7.350000e-01 -2.000000e-02 3.560983e-01 5.674293e-01 7.400000e-01 -1.500000e-02 3.555792e-01 5.683274e-01
-8.500000e-02 -1.000000e-02 3.611699e-01 5.306666e-01 -9.000000e-02 -5.000000e-03 3.614614e-01 5.310368e-01
-8.000000e-02 -1.500000e-02 3.608214e-01 5.302832e-01 -8.500000e-02 -1.000000e-02 3.611699e-01 5.306666e-01
7.400000e-01 -1.500000e-02 3.555792e-01 5.683274e-01 7.450000e-01 -1.000000e-02 3.550325e-01 5.691569e-01
7.450000e-01 -1.000000e-02 3.550325e-01 5.691569e-01 7.500000e-01 -5.000000e-03 3.545349e-01 5.699599e-01
-9.500000e-02 1.066855e-16 3.617648e-01 5.313412e-01 -1.000000e-01 5.000000e-03 3.620094e-01 5.316350e-01
-9.000000e-02 -5.000000e-03 3.614614e-01 5.310368e-01 -9.500000e-02 1.066855e-16 3.617648e-01 5.313412e-01
7.500000e-01 -5.000000e-03 3.545349e-01 5.699599e-01 7.550000e-01 1.066855e-16 3.540120e-01 5.706937e-01
7.550000e-01 1.066855e-16 3.540120e-01 5.706937e-01 7.600000e-01 5.000000e-03 3.535408e-01 5.714033e-01
-1.050000e-01 1.000000e-02 3.622633e-01 5.318635e-01 -1.100000e-01 1.500000e-02 3.624566e-01 5.320841e-01
-1.000000e-01 5.000000e-03 3.620094e-01 5.316350e-01 -1.050000e-01 1.000000e-02 3.622633e-01 5.318635e-01
7.600000e-01 5.000000e-03 3.535408e-01 5.714033e-01 7.650000e-01 1.000000e-02 3.530466e-01 5.720434e-01
7.650000e-01 1.000000e-02 3.530466e-01 5.720434e-01 7.750000e-01 1.000000e-02 3.551105e-01 5.690998e-01
7.750000e-01 1.000000e-02 3.551105e-01 5.690998e-01 7.800000e-01 1.500000e-02 3.547259e-01 5.696980e-01
-1.150000e-01 2.000000e-02 3.626566e-01 5.322400e-01 -1.200000e-01 2.500000e-02 3.627945e-01 5.323907e-01
-1.100000e-01 1.500000e-02 3.624566e-01 5.320841e-01 -1.150000e-01 2.000000e-02 3.626566e-01 5.322400e-01
7.800000e-01 1.500000e-02 3.547259e-01 5.696980e-01 7.850000e-01 2.000000e-02 3.543225e-01 5.702272e-01
7.850000e-01 2.000000e-02 3.543225e-01 5.702272e-01 7.900000e-01 2.500000e-02 3.539764e-01 5.707389e-01
-1.250000e-01 3.000000e-02 3.629362e-01 5.324776e-01 -1.300000e-01 3.500000e-02 3.630145e-01 5.325619e-01
-1.200000e-01 2.500000e-02 3.627945e-01 5.323907e-01 -1.250000e-01 3.000000e-02 3.629362e-01 5.324776e-01
7.900000e-01 2.500000e-02 3.539764e-01 5.707389e-01 7.950000e-01 3.000000e-02 3.536142e-01 5.711815e-01
7.950000e-01 3.000000e-02 3.536142e-01 5.711815e-01 8.000000e-01 3.500000e-02 3.533115e-01 5.716093e-01
-1.350000e-01 4.000000e-02 3.630939e-01 5.325834e-01 -1.400000e-01 4.500000e-02 3.631087e-01 5.326052e-01
-1.300000e-01 3.500000e-02 3.630145e-01 5.325619e-01 -1.350000e-01 4.000000e-02 3.630939e-01 5.325834e-01
8.000000e-01 3.500000e-02 3.533115e-01 5.716093e-01 8.050000e-01 4.000000e-02 3.529954e-01 5.719682e-01
8.050000e-01 4.000000e-02 3.529954e-01 5.719682e-01 8.100000e-01 4.500000e-02 3.527408e-01 5.723150e-01
-1.450000e-01 5.000000e-02 3.631218e-01 5.325652e-01 -1.500000e-01 5.500000e-02 3.630693e-01 5.325282e-01
-1.400000e-01 4.500000e-02 3.631087e-01 5.326052e-01 -1.450000e-01 5.000000e-02 3.631218e-01 5.325652e-01
8.100000e-01 4.500000e-02 3.527408e-01 5.723150e-01 8.150000e-01 5.000000e-02 3.524755e-01 5.725933e-01
8.150000e-01 5.000000e-02 3.524755e-01 5.725933e-01 8.200000e-01 5.500000e-02 3.522735e-01 5.728621e-01
-1.550000e-01 6.000000e-02 3.630125e-01 5.324309e-01 -1.600000e-01 6.500000e-02 3.628890e-01 5.323392e-01
-1.500000e-01 5.500000e-02 3.630693e-01 5.325282e-01 -1.550000e-01 6.000000e-02 3.630125e-01 5.324309e-01
8.200000e-01 5.500000e-02 3.522735e-01 5.728621e-01 8.250000e-01 6.000000e-02 3.520637e-01 5.730630e-01
8.250000e-01 6.000000e-02 3.520637e-01 5.730630e-01 8.300000e-01 6.500000e-02 3.519189e-01 5.732574e-01
-1.650000e-01 7.000000e-02 3.627586e-01 5.321886e-01 -1.700000e-01 7.500000e-02 3.625608e-01 5.320464e-01
-1.600000e-01 6.500000e-02 3.628890e-01 5.323392e-01 -1.650000e-01 7.000000e-02 3.627586e-01 5.321886e-01
8.300000e-01 6.500000e-02 3.519189e-01 5.732574e-01 8.350000e-01 7.000000e-02 3.517691e-01 5.733845e-01
8.350000e-01 7.000000e-02 3.517691e-01 5.733845e-01 8.400000e-01 7.500000e-02 3.516857e-01 5.735080e-01
-1.750000e-01 8.000000e-02 3.623535e-01 5.318470e-01 -1.800000e-01 8.500000e-02 3.620783e-01 5.316584e-01
-1.700000e-01 7.500000e-02 3.625608e-01 5.320464e-01 -1.750000e-01 8.000000e-02 3.623535e-01 5.318470e-01
8.400000e-01 7.500000e-02 3.516857e-01 5.735080e-01 8.450000e-01 8.000000e-02 3.516002e-01 5.735651e-01
8.450000e-01 8.000000e-02 3.516002e-01 5.735651e-01 8.500000e-01 8.500000e-02 3.515824e-01 5.736216e-01
-1.800000e-01 8.500000e-02 3.620783e-01 5.316584e-01 -1.800000e-01 9.500000e-02 3.653467e-01 5.344392e-01
8.500000e-01 8.500000e-02 3.515824e-01 5.736216e-01 8.550000e-01 9.000000e-02 3.515655e-01 5.736127e-01
8.550000e-01 9.000000e-02 3.515655e-01 5.736127e-01 8.600000e-01 9.500000e-02 3.516173e-01 5.736060e-01
-1.850000e-01 1.000000e-01 3.650456e-01 5.341403e-01 -1.900000e-01 1.050000e-01 3.646753e-01 5.338565e-01
-1.800000e-01 9.500000e-02 3.653467e-01 5.344392e-01 -1.850000e-01 1.000000e-01 3.650456e-01 5.341403e-01
8.600000e-01 9.500000e-02 3.516173e-01 5.736060e-01 8.650000e-01 1.000000e-01 3.516728e-01 5.735353e-01
8.650000e-01 1.000000e-01 3.516728e-01 5.735353e-01 8.700000e-01 1.050000e-01 3.517979e-01 5.734697e-01
-1.950000e-01 1.100000e-01 3.642886e-01 5.335198e-01 -2.000000e-01 1.150000e-01 3.638327e-01 5.332006e-01
-1.900000e-01 1.050000e-01 3.646753e-01 5.338565e-01 -1.950000e-01 1.100000e-01 3.642886e-01 5.335198e-01
8.700000e-01 1.050000e-01 3.517979e-01 5.734697e-01 8.750000e-01 1.100000e-01 3.519297e-01 5.733415e-01
8.750000e-01 1.100000e-01 3.519297e-01 5.733415e-01 8.800000e-01 1.150000e-01 3.521318e-01 5.732213e-01
-2.000000e-01 1.150000e-01 3.638327e-01 5.332006e-01 -2.000000e-01 1.250000e-01 3.670272e-01 5.356551e-01
8.800000e-01 1.150000e-01 3.521318e-01 5.732213e-01 8.800000e-01 1.250000e-01 3.490636e-01 5.759271e-01
-2.050000e-01 1.300000e-01 3.665322e-01 5.352351e-01 -2.100000e-01 1.350000e-01 3.659672e-01 5.348366e-01
-2.000000e-01 1.250000e-01 3.670272e-01 5.356551e-01 -2.050000e-01 1.300000e-01 3.665322e-01 5.352351e-01
8.800000e-01 1.250000e-01 3.490636e-01 5.759271e-01 8.850000e-01 1.300000e-01 3.492861e-01 5.756853e-01
8.850000e-01 1.300000e-01 3.492861e-01 5.756853e-01 8.900000e-01 1.350000e-01 3.495805e-01 5.754558e-01
-2.150000e-01 1.400000e-01 3.653795e-01 5.343905e-01 -2.200000e-01 1.450000e-01 3.647221e-01 5.339682e-01
-2.100000e-01 1.350000e-01 3.659672e-01 5.348366e-01 -2.150000e-01 1.400000e-01 3.653795e-01 5.343905e-01
8.900000e-01 1.350000e-01 3.495805e-01 5.754558e-01 8.950000e-01 1.400000e-01 3.498888e-01 5.751676e-01
8.950000e-01 1.400000e-01 3.498888e-01 5.751676e-01 9.000000e-01 1.450000e-01 3.502693e-01 5.748945e-01
-2.200000e-01 1.450000e-01 3.647221e-01 5.339682e-01 -2.200000e-01 1.550000e-01 3.678085e-01 5.361196e-01
9.000000e-01 1.450000e-01 3.502693e-01 5.748945e-01 9.050000e-01 1.500000e-01 3.506664e-01 5.745647e-01
9.050000e-01 1.500000e-01 3.506664e-01 5.745647e-01 9.100000e-01 1.550000e-01 3.511356e-01 5.742528e-01
-2.250000e-01 1.600000e-01 3.670997e-01 5.356080e-01 -2.300000e-01 1.650000e-01 3.663210e-01 5.351241e-01
-2.200000e-01 1.550000e-01 3.678085e-01 5.361196e-01 -2.250000e-01 1.600000e-01 3.670997e-01 5.356080e-01
9.100000e-01 1.550000e-01 3.511356e-01 5.742528e-01 9.100000e-01 1.650000e-01 3.481683e-01 5.764873e-01
-2.300000e-01 1.650000e-01 3.663210e-01 5.351241e-01 -2.300000e-01 1.750000e-01 3.693278e-01 5.370799e-01
9.100000e-01 1.650000e-01 3.481683e-01 5.764873e-01 9.150000e-01 1.700000e-01 3.486776e-01 5.760671e-01
9.150000e-01 1.700000e-01 3.486776e-01 5.760671e-01 9.200000e-01 1.750000e-01 3.492598e-01 5.756692e-01
-2.350000e-01 1.800000e-01 3.684904e-01 5.365142e-01 -2.400000e-01 1.850000e-01 3.675835e-01 5.359797e-01
-2.300000e-01 1.750000e-01 3.693278e-01 5.370799e-01 -2.350000e-01 1.800000e-01 3.684904e-01 5.365142e-01
9.200000e-01 1.750000e-01 3.492598e-01 5.756692e-01 9.250000e-01 1.800000e-01 3.498654e-01 5.752199e-01
9.250000e-01 1.800000e-01 3.498654e-01 5.752199e-01 9.300000e-01 1.850000e-01 3.505433e-01 5.747953e-01
-2.400000e-01 1.850000e-01 3.675835e-01 5.359797e-01 -2.400000e-01 1.950000e-01 3.704979e-01 5.377501e-01
9.300000e-01 1.850000e-01 3.505433e-01 5.747953e-01 9.300000e-01 1.950000e-01 3.476904e-01 5.767016e-01
-2.450000e-01 2.000000e-01 3.695252e-01 5.371422e-01 -2.500000e-01 2.050000e-01 3.684838e-01 5.365688e-01
-2.400000e-01 1.950000e-01 3.704979e-01 5.377501e-01 -2.450000e-01 2.000000e-01 3.695252e-01 5.371422e-01
9.300000e-01 1.950000e-01 3.476904e-01 5.767016e-01 9.350000e-01 2.000000e-01 3.484217e-01 5.761808e-01
9.350000e-01 2.000000e-01 3.484217e-01 5.761808e-01 9.400000e-01 2.050000e-01 3.492253e-01 5.756886e-01
-2.500000e-01 2.050000e-01 3.684838e-01 5.365688e-01 -2.500000e-01 2.150000e-01 3.712937e-01 5.381655e-01
9.400000e-01 2.050000e-01 3.492253e-01 5.756886e-01 9.450000e-01 2.100000e-01 3.500589e-01 5.751517e-01
9.450000e-01 2.100000e-01 3.500589e-01 5.751517e-01 9.500000e-01 2.150000e-01 3.509637e-01 5.746456e-01
-2.550000e-01 2.200000e-01 3.701800e-01 5.375276e-01 -2.600000e-01 2.250000e-01 3.689988e-01 5.369273e-01
-2.500000e-01 2.150000e-01 3.712937e-01 5.381655e-01 -2.550000e-01 2.200000e-01 3.701800e-01 5.375276e-01
9.500000e-01 2.150000e-01 3.509637e-01 5.746456e-01 9.500000e-01 2.250000e-01 3.482600e-01 5.762532e-01
-2.600000e-01 2.250000e-01 3.689988e-01 5.369273e-01 -2.600000e-01 2.350000e-01 3.716925e-01 5.383631e-01
9.500000e-01 2.250000e-01 3.482600e-01 5.762532e-01 9.550000e-01 2.300000e-01 3.492302e-01 5.756648e-01
9.550000e-01 2.300000e-01 3.492302e-01 5.756648e-01 9.600000e-01 2.350000e-01 3.502712e-01 5.751109e-01
-2.600000e-01 2.350000e-01 3.716925e-01 5.383631e-01 -2.600000e-01 2.450000e-01 3.743414e-01 5.397007e-01
9.600000e-01 2.350000e-01 3.502712e-01 5.751109e-01 9.600000e-01 2.450000e-01 3.476745e-01 5.765248e-01
-2.650000e-01 2.500000e-01 3.730408e-01 5.390202e-01 -2.700000e-01 2.550000e-01 3.716741e-01 5.383815e-01
-2.600000e-01 2.450000e-01 3.743414e-01 5.397007e-01 -2.650000e-01 2.500000e-01 3.730408e-01 5.390202e-01
9.600000e-01 2.450000e-01 3.476745e-01 5.765248e-01 9.650000e-01 2.500000e-01 3.487878e-01 5.758978e-01
9.650000e-01 2.500000e-01 3.487878e-01 5.758978e-01 9.700000e-01 2.550000e-01 3.499706e-01 5.753085e-01
-2.700000e-01 2.550000e-01 3.716741e-01 5.383815e-01 -2.700000e-01 2.650000e-01 3.741909e-01 5.395769e-01
9.700000e-01 2.550000e-01 3.499706e-01 5.753085e-01 9.700000e-01 2.650000e-01 3.474934e-01 5.765417e-01
-2.700000e-01 2.650000e-01 3.741909e-01 5.395769e-01 -2.700000e-01 2.750000e-01 3.766554e-01 5.406803e-01
9.700000e-01 2.650000e-01 3.474934e-01 5.765417e-01 9.750000e-01 2.700000e-01 3.487550e-01 5.758890e-01
9.750000e-01 2.700000e-01 3.487550e-01 5.758890e-01 9.800000e-01 2.750000e-01 3.500846e-01 5.752772e-01
-2.750000e-01 2.800000e-01 3.751578e-01 5.399819e-01 -2.800000e-01 2.850000e-01 3.735965e-01 5.393289e-01
-2.700000e-01 2.750000e-01 3.766554e-01 5.406803e-01 -2.750000e-01 2.800000e-01 3.751578e-01 5.399819e-01
9.800000e-01 2.750000e-01 3.500846e-01 5.752772e-01 9.800000e-01 2.850000e-01 3.477389e-01 5.763440e-01
-2.800000e-01 2.850000e-01 3.735965e-01 5.393289e-01 -2.800000e-01 2.950000e-01 3.759143e-01 5.403111e-01
9.800000e-01 2.850000e-01 3.477389e-01 5.763440e-01 9.850000e-01 2.900000e-01 3.491530e-01 5.756790e-01
9.850000e-01 2.900000e-01 3.491530e-01 5.756790e-01 9.900000e-01 2.950000e-01 3.506331e-01 5.750577e-01
-2.800000e-01 2.950000e-01 3.759143e-01 5.403111e-01 -2.800000e-01 3.050000e-01 3.781727e-01 5.412087e-01
9.900000e-01 2.950000e-01 3.506331e-01 5.750577e-01 9.900000e-01 3.050000e-01 3.484297e-01 5.759734e-01
-2.850000e-01 3.100000e-01 3.764709e-01 5.405180e-01 -2.900000e-01 3.150000e-01 3.747081e-01 5.398754e-01
-2.800000e-01 3.050000e-01 3.781727e-01 5.412087e-01 -2.850000e-01 3.100000e-01 3.764709e-01 5.405180e-01
9.900000e-01 3.050000e-01 3.484297e-01 5.759734e-01 9.950000e-01 3.100000e-01 3.499993e-01 5.753096e-01
9.950000e-01 3.100000e-01 3.499993e-01 5.753096e-01 1.000000e+00 3.150000e-01 3.516327e-01 5.746916e-01
-2.900000e-01 3.150000e-01 3.747081e-01 5.398754e-01 -2.900000e-01 3.250000e-01 3.768074e-01 5.406747e-01
3.350000e-01 3.200000e-01 4.011091e-01 7.325969e-01 3.300000e-01 3.250000e-01 4.057165e-01 7.316474e-01
3.350000e-01 3.200000e-01 4.011091e-01 7.325969e-01 3.450000e-01 3.200000e-01 3.934318e-01 7.339881e-01
3.450000e-01 3.200000e-01 3.934318e-01 7.339881e-01 3.550000e-01 3.200000e-01 3.856475e-01 7.350751e-01
3.550000e-01 3.200000e-01 3.856475e-01 7.350751e-01 3.650000e-01 3.200000e-01 3.777955e-01 7.358496e-01
3.650000e-01 3.200000e-01 3.777955e-01 7.358496e-01 3.750000e-01 3.200000e-01 3.699166e-01 7.363065e-01
3.750000e-01 3.200000e-01 3.699166e-01 7.363065e-01 3.850000e-01 3.200000e-01 3.620520e-01 7.364442e-01
3.850000e-01 3.200000e-01 3.620520e-01 7.364442e-01 3.950000e-01 3.200000e-01 3.542425e-01 7.362646e-01
3.950000e-01 3.200000e-01 3.542425e-01 7.362646e-01 4.050000e-01 3.200000e-01 3.465281e-01 7.357733e-01
4.050000e-01 3.200000e-01 3.465281e-01 7.357733e-01 4.150000e-01 3.200000e-01 3.389469e-01 7.349789e-01
4.150000e-01 3.200000e-01 3.389469e-01 7.349789e-01 4.250000e-01 3.200000e-01 3.315347e-01 7.338931e-01
4.250000e-01 3.200000e-01 3.315347e-01 7.338931e-01 4.350000e-01 3.200000e-01 3.243246e-01 7.325301e-01
4.350000e-01 3.200000e-01 3.243246e-01 7.325301e-01 4.400000e-01 3.250000e-01 3.200244e-01 7.316035e-01
1.000000e+00 3.150000e-01 3.516327e-01 5.746916e-01 1.000000e+00 3.250000e-01 3.495815e-01 5.754729e-01
-2.900000e-01 3.250000e-01 3.768074e-01 5.406747e-01 -2.900000e-01 3.350000e-01 3.788406e-01 5.413980e-01
3.050000e-01 3.300000e-01 4.255296e-01 7.261528e-01 3.000000e-01 3.350000e-01 4.303769e-01 7.244803e-01
3.050000e-01 3.300000e-01 4.255296e-01 7.261528e-01 3.150000e-01 3.300000e-01 4.181323e-01 7.284641e-01
3.150000e-01 3.300000e-01 4.181323e-01 7.284641e-01 3.250000e-01 3.300000e-01 4.105048e-01 7.305064e-01
3.300000e-01 3.250000e-01 4.057165e-01 7.316474e-01 3.250000e-01 3.300000e-01 4.105048e-01 7.305064e-01
4.400000e-01 3.250000e-01 3.200244e-01 7.316035e-01 4.450000e-01 3.300000e-01 3.155634e-01 7.304867e-01
4.450000e-01 3.300000e-01 3.155634e-01 7.304867e-01 4.550000e-01 3.300000e-01 3.086070e-01 7.285477e-01
4.550000e-01 3.300000e-01 3.086070e-01 7.285477e-01 4.650000e-01 3.300000e-01 3.019518e-01 7.263810e-01
4.650000e-01 3.300000e-01 3.019518e-01 7.263810e-01 4.700000e-01 3.350000e-01 2.975991e-01 7.248099e-01
1.000000e+00 3.250000e-01 3.495815e-01 5.754729e-01 1.005000e+00 3.300000e-01 3.513085e-01 5.748235e-01
1.005000e+00 3.300000e-01 3.513085e-01 5.748235e-01 1.010000e+00 3.350000e-01 3.530969e-01 5.742217e-01
-2.900000e-01 3.350000e-01 3.788406e-01 5.413980e-01 -2.900000e-01 3.450000e-01 3.808055e-01 5.420474e-01
2.850000e-01 3.400000e-01 4.424593e-01 7.196981e-01 2.800000e-01 3.450000e-01 4.473711e-01 7.174841e-01
2.850000e-01 3.400000e-01 4.424593e-01 7.196981e-01 2.950000e-01 3.400000e-01 4.353929e-01 7.225855e-01
3.000000e-01 3.350000e-01 4.303769e-01 7.244803e-01 2.950000e-01 3.400000e-01 4.353929e-01 7.225855e-01
4.700000e-01 3.350000e-01 2.975991e-01 7.248099e-01 4.750000e-01 3.400000e-01 2.931082e-01 7.230259e-01
4.750000e-01 3.400000e-01 2.931082e-01 7.230259e-01 4.850000e-01 3.400000e-01 2.869366e-01 7.203885e-01
4.850000e-01 3.400000e-01 2.869366e-01 7.203885e-01 4.950000e-01 3.400000e-01 2.811344e-01 7.175905e-01
4.950000e-01 3.400000e-01 2.811344e-01 7.175905e-01 5.000000e-01 3.450000e-01 2.769546e-01 7.154461e-01
1.010000e+00 3.350000e-01 3.530969e-01 5.742217e-01 1.010000e+00 3.450000e-01 3.512063e-01 5.748858e-01
-2.900000e-01 3.450000e-01 3.808055e-01 5.420474e-01 -2.900000e-01 3.550000e-01 3.826998e-01 5.426256e-01
2.650000e-01 3.500000e-01 4.589798e-01 7.116561e-01 2.600000e-01 3.550000e-01 4.638210e-01 7.089356e-01
2.650000e-01 3.500000e-01 4.589798e-01 7.116561e-01 2.750000e-01 3.500000e-01 4.524306e-01 7.150294e-01
2.800000e-01 3.450000e-01 4.473711e-01 7.174841e-01 2.750000e-01 3.500000e-01 4.524306e-01 7.150294e-01
5.000000e-01 3.450000e-01 2.769546e-01 7.154461e-01 5.050000e-01 3.500000e-01 2.726754e-01 7.130800e-01
5.050000e-01 3.500000e-01 2.726754e-01 7.130800e-01 5.100000e-01 3.550000e-01 2.685414e-01 7.106232e-01
1.010000e+00 3.450000e-01 3.512063e-01 5.748858e-01 1.010000e+00 3.550000e-01 3.493846e-01 5.754629e-01
-2.950000e-01 3.600000e-01 3.806870e-01 5.419696e-01 -3.000000e-01 3.650000e-01 3.786175e-01 5.413652e-01
-2.900000e-01 3.550000e-01 3.826998e-01 5.426256e-01 -2.950000e-01 3.600000e-01 3.806870e-01 5.419696e-01
2.450000e-01 3.600000e-01 4.746510e-01 7.022269e-01 2.400000e-01 3.650000e-01 4.792904e-01 6.990636e-01
2.450000e-01 3.600000e-01 4.746510e-01 7.022269e-01 2.550000e-01 3.600000e-01 4.687778e-01 7.059652e-01
2.600000e-01 3.550000e-01 4.638210e-01 7.089356e-01 2.550000e-01 3.600000e-01 4.687778e-01 7.059652e-01
5.100000e-01 3.550000e-01 2.685414e-01 7.106232e-01 5.150000e-01 3.600000e-01 2.643265e-01 7.079398e-01
5.150000e-01 3.600000e-01 2.643265e-01 7.079398e-01 5.250000e-01 3.600000e-01 2.595029e-01 7.046713e-01
5.250000e-01 3.600000e-01 2.595029e-01 7.046713e-01 5.300000e-01 3.650000e-01 2.556340e-01 7.018607e-01
1.010000e+00 3.550000e-01 3.493846e-01 5.754629e-01 1.015000e+00 3.600000e-01 3.513196e-01 5.748342e-01
1.015000e+00 3.600000e-01 3.513196e-01 5.748342e-01 1.020000e+00 3.650000e-01 3.533126e-01 5.742553e-01
-3.000000e-01 3.650000e-01 3.786175e-01 5.413652e-01 -3.000000e-01 3.750000e-01 3.803356e-01 5.418842e-01
2.350000e-01 3.700000e-01 4.840055e-01 6.956525e-01 2.300000e-01 3.750000e-01 4.885279e-01 6.921787e-01
2.400000e-01 3.650000e-01 4.792904e-01 6.990636e-01 2.350000e-01 3.700000e-01 4.840055e-01 6.956525e-01
5.300000e-01 3.650000e-01 2.556340e-01 7.018607e-01 5.350000e-01 3.700000e-01 2.517196e-01 6.988301e-01
5.350000e-01 3.700000e-01 2.517196e-01 6.988301e-01 5.400000e-01 3.750000e-01 2.480003e-01 6.957653e-01
1.020000e+00 3.650000e-01 3.533126e-01 5.742553e-01 1.020000e+00 3.750000e-01 3.516630e-01 5.747402e-01
-3.000000e-01 3.750000e-01 3.803356e-01 5.418842e-01 -3.000000e-01 3.850000e-01 3.819779e-01 5.423421e-01
2.250000e-01 3.800000e-01 4.930993e-01 6.884597e-01 2.200000e-01 3.850000e-01 4.974546e-01 6.847058e-01
2.300000e-01 3.750000e-01 4.885279e-01 6.921787e-01 2.250000e-01 3.800000e-01 4.930993e-01 6.884597e-01
5.400000e-01 3.750000e-01 2.480003e-01 6.957653e-01 5.450000e-01 3.800000e-01 2.442584e-01 6.924855e-01
5.450000e-01 3.800000e-01 2.442584e-01 6.924855e-01 5.500000e-01 3.850000e-01 2.407262e-01 6.891949e-01
1.020000e+00 3.750000e-01 3.516630e-01 5.747402e-01 1.020000e+00 3.850000e-01 3.500887e-01 5.751478e-01
-3.000000e-01 3.850000e-01 3.819779e-01 5.423421e-01 -3.000000e-01 3.950000e-01 3.835425e-01 5.427419e-01
2.150000e-01 3.900000e-01 5.018302e-01 6.807149e-01 2.100000e-01 3.950000e-01 5.059712e-01 6.767182e-01
2.200000e-01 3.850000e-01 4.974546e-01 6.847058e-01 2.150000e-01 3.900000e-01 5.018302e-01 6.807149e-01
5.500000e-01 3.850000e-01 2.407262e-01 6.891949e-01 5.550000e-01 3.900000e-01 2.371953e-01 6.856983e-01
5.550000e-01 3.900000e-01 2.371953e-01 6.856983e-01 5.600000e-01 3.950000e-01 2.338846e-01 6.822148e-01
1.020000e+00 3.850000e-01 3.500887e-01 5.751478e-01 1.025000e+00 3.900000e-01 3.522339e-01 5.745660e-01
1.025000e+00 3.900000e-01 3.522339e-01 5.745660e-01 1.030000e+00 3.950000e-01 3.544336e-01 5.740355e-01
-3.000000e-01 3.950000e-01 3.835425e-01 5.427419e-01 -3.000000e-01 4.050000e-01 3.850276e-01 5.430867e-01
2.050000e-01 4.000000e-01 5.101029e-01 6.724983e-01 2.000000e-01 4.050000e-01 5.139871e-01 6.683022e-01
2.100000e-01 3.950000e-01 5.059712e-01 6.767182e-01 2.050000e-01 4.000000e-01 5.101029e-01 6.724983e-01
5.600000e-01 3.950000e-01 2.338846e-01 6.822148e-01 5.650000e-01 4.000000e-01 2.305988e-01 6.785384e-01
5.650000e-01 4.000000e-01 2.305988e-01 6.785384e-01 5.700000e-01 4.050000e-01 2.275397e-01 6.748983e-01
1.030000e+00 3.950000e-01 3.544336e-01 5.740355e-01 1.030000e+00 4.050000e-01 3.530399e-01 5.743771e-01
-3.000000e-01 4.050000e-01 3.850276e-01 5.430867e-01 -3.000000e-01 4.150000e-01 3.864314e-01 5.433797e-01
1.950000e-01 4.100000e-01 5.178329e-01 6.639017e-01 1.900000e-01 4.150000e-01 5.214240e-01 6.595534e-01
2.000000e-01 4.050000e-01 5.139871e-01 6.683022e-01 1.950000e-01 4.100000e-01 5.178329e-01 6.639017e-01
5.700000e-01 4.050000e-01 2.275397e-01 6.748983e-01 5.750000e-01 4.100000e-01 2.245281e-01 6.710821e-01
5.750000e-01 4.100000e-01 2.245281e-01 6.710821e-01 5.800000e-01 4.150000e-01 2.217453e-01 6.673241e-01
1.030000e+00 4.050000e-01 3.530399e-01 5.743771e-01 1.030000e+00 4.150000e-01 3.517270e-01 5.746520e-01
-3.000000e-01 4.150000e-01 3.864314e-01 5.433797e-01 -3.000000e-01 4.250000e-01 3.877524e-01 5.436241e-01
1.850000e-01 4.200000e-01 5.249494e-01 6.550240e-01 1.800000e-01 4.250000e-01 5.282184e-01 6.505729e-01
1.900000e-01 4.150000e-01 5.214240e-01 6.595534e-01 1.850000e-01 4.200000e-01 5.249494e-01 6.550240e-01
5.800000e-01 4.150000e-01 2.217453e-01 6.673241e-01 5.800000e-01 4.250000e-01 2.185587e-01 6.626806e-01
1.030000e+00 4.150000e-01 3.517270e-01 5.746520e-01 1.035000e+00 4.200000e-01 3.540817e-01 5.741426e-01
1.035000e+00 4.200000e-01 3.540817e-01 5.741426e-01 1.040000e+00 4.250000e-01 3.564870e-01 5.736852e-01
-3.050000e-01 4.300000e-01 3.853141e-01 5.431055e-01 -3.100000e-01 4.350000e-01 3.828265e-01 5.426401e-01
-3.000000e-01 4.250000e-01 3.877524e-01 5.436241e-01 -3.050000e-01 4.300000e-01 3.853141e-01 5.431055e-01
1.750000e-01 4.300000e-01 5.313973e-01 6.459676e-01 1.700000e-01 4.350000e-01 5.343232e-01 6.414631e-01
1.800000e-01 4.250000e-01 5.282184e-01 6.505729e-01 1.750000e-01 4.300000e-01 5.313973e-01 6.459676e-01
5.800000e-01 4.250000e-01 2.185587e-01 6.626806e-01 5.850000e-01 4.300000e-01 2.159265e-01 6.586186e-01
5.850000e-01 4.300000e-01 2.159265e-01 6.586186e-01 5.900000e-01 4.350000e-01 2.135259e-01 6.546481e-01
1.040000e+00 4.250000e-01 3.564870e-01 5.736852e-01 1.040000e+00 4.350000e-01 3.553607e-01 5.739210e-01
-3.100000e-01 4.350000e-01 3.828265e-01 5.426401e-01 -3.100000e-01 4.450000e-01 3.839567e-01 5.428837e-01
1.700000e-01 4.350000e-01 5.343232e-01 6.414631e-01 1.700000e-01 4.450000e-01 5.378233e-01 6.357024e-01
5.900000e-01 4.350000e-01 2.135259e-01 6.546481e-01 5.950000e-01 4.400000e-01 2.112252e-01 6.505545e-01
5.950000e-01 4.400000e-01 2.112252e-01 6.505545e-01 6.000000e-01 4.450000e-01 2.091488e-01 6.465684e-01
1.040000e+00 4.350000e-01 3.553607e-01 5.739210e-01 1.040000e+00 4.450000e-01 3.543196e-01 5.741015e-01
-3.100000e-01 4.450000e-01 3.839567e-01 5.428837e-01 -3.100000e-01 4.550000e-01 3.850010e-01 5.430904e-01
1.650000e-01 4.500000e-01 5.405127e-01 6.309643e-01 1.600000e-01 4.550000e-01 5.429551e-01 6.263597e-01
1.700000e-01 4.450000e-01 5.378233e-01 6.357024e-01 1.650000e-01 4.500000e-01 5.405127e-01 6.309643e-01
6.000000e-01 4.450000e-01 2.091488e-01 6.465684e-01 6.000000e-01 4.550000e-01 2.064833e-01 6.410653e-01
1.040000e+00 4.450000e-01 3.543196e-01 5.741015e-01 1.040000e+00 4.550000e-01 3.533650e-01 5.742302e-01
-3.100000e-01 4.550000e-01 3.850010e-01 5.430904e-01 -3.100000e-01 4.650000e-01 3.859583e-01 5.432640e-01
1.600000e-01 4.550000e-01 5.429551e-01 6.263597e-01 1.600000e-01 4.650000e-01 5.460238e-01 6.200641e-01
6.000000e-01 4.550000e-01 2.064833e-01 6.410653e-01 6.050000e-01 4.600000e-01 2.046469e-01 6.368999e-01
6.050000e-01 4.600000e-01 2.046469e-01 6.368999e-01 6.100000e-01 4.650000e-01 2.030243e-01 6.328653e-01
1.040000e+00 4.550000e-01 3.533650e-01 5.742302e-01 1.045000e+00 4.600000e-01 3.559773e-01 5.738373e-01
1.045000e+00 4.600000e-01 3.559773e-01 5.738373e-01 1.050000e+00 4.650000e-01 3.586355e-01 5.734958e-01
-3.100000e-01 4.650000e-01 3.859583e-01 5.432640e-01 -3.100000e-01 4.750000e-01 3.868274e-01 5.434079e-01
1.550000e-01 4.700000e-01 5.481731e-01 6.153268e-01 1.500000e-01 4.750000e-01 5.500908e-01 6.107465e-01
1.600000e-01 4.650000e-01 5.460238e-01 6.200641e-01 1.550000e-01 4.700000e-01 5.481731e-01 6.153268e-01
6.100000e-01 4.650000e-01 2.030243e-01 6.328653e-01 6.100000e-01 4.750000e-01 2.008016e-01 6.269072e-01
1.050000e+00 4.650000e-01 3.586355e-01 5.734958e-01 1.050000e+00 4.750000e-01 3.578721e-01 5.736209e-01
-3.100000e-01 4.750000e-01 3.868274e-01 5.434079e-01 -3.100000e-01 4.850000e-01 3.876075e-01 5.435260e-01
1.500000e-01 4.750000e-01 5.500908e-01 6.107465e-01 1.500000e-01 4.850000e-01 5.526333e-01 6.040782e-01
6.100000e-01 4.750000e-01 2.008016e-01 6.269072e-01 6.100000e-01 4.850000e-01 1.987907e-01 6.206638e-01
1.050000e+00 4.750000e-01 3.578721e-01 5.736209e-01 1.050000e+00 4.850000e-01 3.571980e-01 5.737061e-01
-3.100000e-01 4.850000e-01 3.876075e-01 5.435260e-01 -3.100000e-01 4.950000e-01 3.882975e-01 5.436220e-01
1.450000e-01 4.900000e-01 5.542225e-01 5.994723e-01 1.400000e-01 4.950000e-01 5.556017e-01 5.950356e-01
1.500000e-01 4.850000e-01 5.526333e-01 6.040782e-01 1.450000e-01 4.900000e-01 5.542225e-01 5.994723e-01
6.100000e-01 4.850000e-01 1.987907e-01 6.206638e-01 6.150000e-01 4.900000e-01 1.975984e-01 6.165205e-01
6.150000e-01 4.900000e-01 1.975984e-01 6.165205e-01 6.200000e-01 4.950000e-01 1.965988e-01 6.125300e-01
1.050000e+00 4.850000e-01 3.571980e-01 5.737061e-01 1.050000e+00 4.950000e-01 3.566146e-01 5.737552e-01
-3.100000e-01 4.950000e-01 3.882975e-01 5.436220e-01 -3.100000e-01 5.050000e-01 3.888969e-01 5.436996e-01
1.400000e-01 4.950000e-01 5.556017e-01 5.950356e-01 1.400000e-01 5.050000e-01 5.575566e-01 5.881704e-01
6.200000e-01 4.950000e-01 1.965988e-01 6.125300e-01 6.200000e-01 5.050000e-01 1.951300e-01 6.060343e-01
1.050000e+00 4.950000e-01 3.566146e-01 5.737552e-01 1.050000e+00 5.050000e-01 3.561227e-01 5.737720e-01
-3.100000e-01 5.050000e-01 3.888969e-01 5.436996e-01 -3.100000e-01 5.150000e-01 3.894048e-01 5.437629e-01
1.400000e-01 5.050000e-01 5.575566e-01 5.881704e-01 1.400000e-01 5.150000e-01 5.592396e-01 5.811342e-01
6.200000e-01 5.050000e-01 1.951300e-01 6.060343e-01 6.200000e-01 5.150000e-01 1.939202e-01 5.993393e-01
1.050000e+00 5.050000e-01 3.561227e-01 5.737720e-01 1.050000e+00 5.150000e-01 3.557232e-01 5.737604e-01
-3.100000e-01 5.150000e-01 3.894048e-01 5.437629e-01 -3.100000e-01 5.250000e-01 3.898210e-01 5.438156e-01
1.400000e-01 5.150000e-01 5.592396e-01 5.811342e-01 1.400000e-01 5.250000e-01 5.606370e-01 5.739594e-01
6.200000e-01 5.150000e-01 1.939202e-01 5.993393e-01 6.200000e-01 5.250000e-01 1.929832e-01 5.924731e-01
1.050000e+00 5.150000e-01 3.557232e-01 5.737604e-01 1.055000e+00 5.200000e-01 3.586838e-01 5.735892e-01
1.055000e+00 5.200000e-01 3.586838e-01 5.735892e-01 1.060000e+00 5.250000e-01 3.616835e-01 5.734669e-01
-3.100000e-01 5.250000e-01 3.898210e-01 5.438156e-01 -3.100000e-01 5.350000e-01 3.901449e-01 5.438616e-01
1.400000e-01 5.250000e-01 5.606370e-01 5.739594e-01 1.400000e-01 5.350000e-01 5.617379e-01 5.666808e-01
6.200000e-01 5.250000e-01 1.929832e-01 5.924731e-01 6.200000e-01 5.350000e-01 1.923308e-01 5.854665e-01
1.060000e+00 5.250000e-01 3.616835e-01 5.734669e-01 1.060000e+00 5.350000e-01 3.614746e-01 5.735034e-01
-3.100000e-01 5.350000e-01 3.901449e-01 5.438616e-01 -3.100000e-01 5.450000e-01 3.903764e-01 5.439049e-01
1.350000e-01 5.400000e-01 5.622544e-01 5.626102e-01 1.300000e-01 5.450000e-01 5.626078e-01 5.587064e-01
1.400000e-01 5.350000e-01 5.617379e-01 5.666808e-01 1.350000e-01 5.400000e-01 5.622544e-01 5.626102e-01
6.200000e-01 5.350000e-01 1.923308e-01 5.854665e-01 6.200000e-01 5.450000e-01 1.919724e-01 5.783527e-01
1.060000e+00 5.350000e-01 3.614746e-01 5.735034e-01 1.060000e+00 5.450000e-01 3.613583e-01 5.735239e-01
-3.100000e-01 5.450000e-01 3.903764e-01 5.439049e-01 -3.100000e-01 5.550000e-01 3.905153e-01 5.439495e-01
1.300000e-01 5.450000e-01 5.626078e-01 5.587064e-01 1.300000e-01 5.550000e-01 5.630748e-01 5.516359e-01
6.200000e-01 5.450000e-01 1.919724e-01 5.783527e-01 6.200000e-01 5.550000e-01 1.919148e-01 5.711665e-01
1.060000e+00 5.450000e-01 3.613583e-01 5.735239e-01 1.060000e+00 5.550000e-01 3.613351e-01 5.735322e-01
-3.100000e-01 5.550000e-01 3.905153e-01 5.439495e-01 -3.050000e-01 5.600000e-01 3.937107e-01 5.439975e-01
-3.050000e-01 5.600000e-01 3.937107e-01 5.439975e-01 -3.000000e-01 5.650000e-01 3.968706e-01 5.439995e-01
1.300000e-01 5.550000e-01 5.630748e-01 5.516359e-01 1.300000e-01 5.650000e-01 5.632435e-01 5.445743e-01
6.200000e-01 5.550000e-01 1.919148e-01 5.711665e-01 6.200000e-01 5.650000e-01 1.921616e-01 5.639438e-01
1.060000e+00 5.550000e-01 3.613351e-01 5.735322e-01 1.060000e+00 5.650000e-01 3.614052e-01 5.735323e-01
-3.000000e-01 5.650000e-01 3.968706e-01 5.439995e-01 -3.000000e-01 5.750000e-01 3.968243e-01 5.439651e-01
1.300000e-01 5.650000e-01 5.632435e-01 5.445743e-01 1.300000e-01 5.750000e-01 5.631150e-01 5.375566e-01
6.200000e-01 5.650000e-01 1.921616e-01 5.639438e-01 6.200000e-01 5.750000e-01 1.927135e-01 5.567213e-01
1.060000e+00 5.650000e-01 3.614052e-01 5.735323e-01 1.060000e+00 5.750000e-01 3.615688e-01 5.735282e-01
-3.000000e-01 5.750000e-01 3.968243e-01 5.439651e-01 -3.000000e-01 5.850000e-01 3.966841e-01 5.439440e-01
1.300000e-01 5.750000e-01 5.631150e-01 5.375566e-01 1.300000e-01 5.850000e-01 5.626937e-01 5.306171e-01
6.200000e-01 5.750000e-01 1.927135e-01 5.567213e-01 6.200000e-01 5.850000e-01 1.935680e-01 5.495357e-01
1.060000e+00 5.750000e-01 3.615688e-01 5.735282e-01 1.060000e+00 5.850000e-01 3.618258e-01 5.735239e-01
-3.000000e-01 5.850000e-01 3.966841e-01 5.439440e-01 -3.000000e-01 5.950000e-01 3.964505e-01 5.439402e-01
1.300000e-01 5.850000e-01 5.626937e-01 5.306171e-01 1.350000e-01 5.900000e-01 5.623669e-01 5.268499e-01
1.350000e-01 5.900000e-01 5.623669e-01 5.268499e-01 1.400000e-01 5.950000e-01 5.618760e-01 5.229228e-01
6.200000e-01 5.850000e-01 1.935680e-01 5.495357e-01 6.200000e-01 5.950000e-01 1.947194e-01 5.424229e-01
1.060000e+00 5.850000e-01 3.618258e-01 5.735239e-01 1.060000e+00 5.950000e-01 3.621761e-01 5.735234e-01
-3.000000e-01 5.950000e-01 3.964505e-01 5.439402e-01 -3.000000e-01 6.050000e-01 3.961240e-01 5.439576e-01
1.400000e-01 5.950000e-01 5.618760e-01 5.229228e-01 1.400000e-01 6.050000e-01 5.608490e-01 5.159612e-01
6.200000e-01 5.950000e-01 1.947194e-01 5.424229e-01 6.200000e-01 6.050000e-01 1.961595e-01 5.354177e-01
1.060000e+00 5.950000e-01 3.621761e-01 5.735234e-01 1.060000e+00 6.050000e-01 3.626193e-01 5.735307e-01
-3.000000e-01 6.050000e-01 3.961240e-01 5.439576e-01 -3.000000e-01 6.150000e-01 3.957052e-01 5.440001e-01
1.400000e-01 6.050000e-01 5.608490e-01 5.159612e-01 1.400000e-01 6.150000e-01 5.595478e-01 5.091846e-01
6.150000e-01 6.100000e-01 1.971481e-01 5.311275e-01 6.100000e-01 6.150000e-01 1.983296e-01 5.266637e-01
6.200000e-01 6.050000e-01 1.961595e-01 5.354177e-01 6.150000e-01 6.100000e-01 1.971481e-01 5.311275e-01
1.060000e+00 6.050000e-01 3.626193e-01 5.735307e-01 1.060000e+00 6.150000e-01 3.631552e-01 5.735498e-01
-3.000000e-01 6.150000e-01 3.957052e-01 5.440001e-01 -3.000000e-01 6.250000e-01 3.951951e-01 5.440717e-01
1.400000e-01 6.150000e-01 5.595478e-01 5.091846e-01 1.400000e-01 6.250000e-01 5.579876e-01 5.026215e-01
6.100000e-01 6.150000e-01 1.983296e-01 5.266637e-01 6.100000e-01 6.250000e-01 2.003911e-01 5.197103e-01
1.060000e+00 6.150000e-01 3.631552e-01 5.735498e-01 1.060000e+00 6.250000e-01 3.637831e-01 5.735846e-01
-3.000000e-01 6.250000e-01 3.951951e-01 5.440717e-01 -2.950000e-01 6.300000e-01 3.980151e-01 5.438236e-01
-2.950000e-01 6.300000e-01 3.980151e-01 5.438236e-01 -2.900000e-01 6.350000e-01 4.007924e-01 5.435249e-01
1.400000e-01 6.250000e-01 5.579876e-01 5.026215e-01 1.400000e-01 6.350000e-01 5.561851e-01 4.962972e-01
6.100000e-01 6.250000e-01 2.003911e-01 5.197103e-01 6.100000e-01 6.350000e-01 2.027080e-01 5.129736e-01
1.060000e+00 6.250000e-01 3.637831e-01 5.735846e-01 1.060000e+00 6.350000e-01 3.645022e-01 5.736390e-01
-2.900000e-01 6.350000e-01 4.007924e-01 5.435249e-01 -2.900000e-01 6.450000e-01 4.000904e-01 5.435760e-01
1.400000e-01 6.350000e-01 5.561851e-01 4.962972e-01 1.450000e-01 6.400000e-01 5.549083e-01 4.922532e-01
1.450000e-01 6.400000e-01 5.549083e-01 4.922532e-01 1.500000e-01 6.450000e-01 5.534281e-01 4.880631e-01
6.050000e-01 6.400000e-01 2.043997e-01 5.084513e-01 6.000000e-01 6.450000e-01 2.063140e-01 5.037665e-01
6.100000e-01 6.350000e-01 2.027080e-01 5.129736e-01 6.050000e-01 6.400000e-01 2.043997e-01 5.084513e-01
1.060000e+00 6.350000e-01 3.645022e-01 5.736390e-01 1.060000e+00 6.450000e-01 3.653120e-01 5.737168e-01
-2.900000e-01 6.450000e-01 4.000904e-01 5.435760e-01 -2.900000e-01 6.550000e-01 3.992985e-01 5.436684e-01
1.500000e-01 6.450000e-01 5.534281e-01 4.880631e-01 1.500000e-01 6.550000e-01 5.511181e-01 4.820825e-01
6.000000e-01 6.450000e-01 2.063140e-01 5.037665e-01 6.000000e-01 6.550000e-01 2.091831e-01 4.973328e-01
1.060000e+00 6.450000e-01 3.653120e-01 5.737168e-01 1.060000e+00 6.550000e-01 3.662116e-01 5.738220e-01
-2.900000e-01 6.550000e-01 3.992985e-01 5.436684e-01 -2.900000e-01 6.650000e-01 3.984181e-01 5.438058e-01
1.500000e-01 6.550000e-01 5.511181e-01 4.820825e-01 1.500000e-01 6.650000e-01 5.486209e-01 4.764170e-01
5.950000e-01 6.600000e-01 2.114058e-01 4.927383e-01 5.900000e-01 6.650000e-01 2.138694e-01 4.880003e-01
6.000000e-01 6.550000e-01 2.091831e-01 4.973328e-01 5.950000e-01 6.600000e-01 2.114058e-01 4.927383e-01
1.060000e+00 6.550000e-01 3.662116e-01 5.738220e-01 1.060000e+00 6.650000e-01 3.671997e-01 5.739582e-01
-2.900000e-01 6.650000e-01 3.984181e-01 5.438058e-01 -2.900000e-01 6.750000e-01 3.974507e-01 5.439916e-01
1.500000e-01 6.650000e-01 5.486209e-01 4.764170e-01 1.550000e-01 6.700000e-01 5.467413e-01 4.724168e-01
1.550000e-01 6.700000e-01 5.467413e-01 4.724168e-01 1.600000e-01 6.750000e-01 5.446420e-01 4.682994e-01
5.900000e-01 6.650000e-01 2.138694e-01 4.880003e-01 5.900000e-01 6.750000e-01 2.172091e-01 4.820377e-01
1.060000e+00 6.650000e-01 3.671997e-01 5.739582e-01 1.060000e+00 6.750000e-01 3.682753e-01 5.741290e-01
-2.900000e-01 6.750000e-01 3.974507e-01 5.439916e-01 -2.850000e-01 6.800000e-01 3.999712e-01 5.435841e-01
-2.850000e-01 6.800000e-01 3.999712e-01 5.435841e-01 -2.800000e-01 6.850000e-01 4.024433e-01 5.431248e-01
1.600000e-01 6.750000e-01 5.446420e-01 4.682994e-01 1.650000e-01 6.800000e-01 5.424320e-01 4.642886e-01
1.650000e-01 6.800000e-01 5.424320e-01 4.642886e-01 1.700000e-01 6.850000e-01 5.399933e-01 4.601746e-01
5.850000e-01 6.800000e-01 2.199329e-01 4.774936e-01 5.800000e-01 6.850000e-01 2.229076e-01 4.728351e-01
5.900000e-01 6.750000e-01 2.172091e-01 4.820377e-01 5.850000e-01 6.800000e-01 2.199329e-01 4.774936e-01
1.060000e+00 6.750000e-01 3.682753e-01 5.741290e-01 1.060000e+00 6.850000e-01 3.694372e-01 5.743383e-01
-2.800000e-01 6.850000e-01 4.024433e-01 5.431248e-01 -2.800000e-01 6.950000e-01 4.012869e-01 5.433340e-01
1.700000e-01 6.850000e-01 5.399933e-01 4.601746e-01 1.700000e-01 6.950000e-01 5.369140e-01 4.552891e-01
5.750000e-01 6.900000e-01 2.259870e-01 4.683131e-01 5.700000e-01 6.950000e-01 2.293235e-01 4.636970e-01
5.800000e-01 6.850000e-01 2.229076e-01 4.728351e-01 5.750000e-01 6.900000e-01 2.259870e-01 4.683131e-01
1.060000e+00 6.850000e-01 3.694372e-01 5.743383e-01 1.060000e+00 6.950000e-01 3.706840e-01 5.745893e-01
-2.800000e-01 6.950000e-01 4.012869e-01 5.433340e-01 -2.800000e-01 7.050000e-01 4.000470e-01 5.436035e-01
1.700000e-01 6.950000e-01 5.369140e-01 4.552891e-01 1.750000e-01 7.000000e-01 5.342988e-01 4.514504e-01
1.750000e-01 7.000000e-01 5.342988e-01 4.514504e-01 1.800000e-01 7.050000e-01 5.314539e-01 4.475399e-01
5.700000e-01 6.950000e-01 2.293235e-01 4.636970e-01 5.700000e-01 7.050000e-01 2.331951e-01 4.586661e-01
1.060000e+00 6.950000e-01 3.706840e-01 5.745893e-01 1.060000e+00 7.050000e-01 3.720142e-01 5.748856e-01
-2.800000e-01 7.050000e-01 4.000470e-01 5.436035e-01 -2.750000e-01 7.100000e-01 4.023635e-01 5.431092e-01
-2.750000e-01 7.100000e-01 4.023635e-01 5.431092e-01 -2.700000e-01 7.150000e-01 4.046277e-01 5.425632e-01
1.800000e-01 7.050000e-01 5.314539e-01 4.475399e-01 1.850000e-01 7.100000e-01 5.285471e-01 4.437941e-01
1.850000e-01 7.100000e-01 5.285471e-01 4.437941e-01 1.900000e-01 7.150000e-01 5.254102e-01 4.399972e-01
5.650000e-01 7.100000e-01 2.366799e-01 4.543907e-01 5.600000e-01 7.150000e-01 2.404139e-01 4.500621e-01
5.700000e-01 7.050000e-01 2.331951e-01 4.586661e-01 5.650000e-01 7.100000e-01 2.366799e-01 4.543907e-01
1.060000e+00 7.050000e-01 3.720142e-01 5.748856e-01 1.060000e+00 7.150000e-01 3.734263e-01 5.752305e-01
-2.700000e-01 7.150000e-01 4.046277e-01 5.425632e-01 -2.700000e-01 7.250000e-01 4.032031e-01 5.428831e-01
1.900000e-01 7.150000e-01 5.254102e-01 4.399972e-01 1.950000e-01 7.200000e-01 5.222333e-01 4.363841e-01
1.950000e-01 7.200000e-01 5.222333e-01 4.363841e-01 2.000000e-01 7.250000e-01 5.188298e-01 4.327427e-01
5.550000e-01 7.200000e-01 2.441878e-01 4.459314e-01 5.500000e-01 7.250000e-01 2.482046e-01 4.417745e-01
5.600000e-01 7.150000e-01 2.404139e-01 4.500621e-01 5.550000e-01 7.200000e-01 2.441878e-01 4.459314e-01
1.060000e+00 7.150000e-01 3.734263e-01 5.752305e-01 1.060000e+00 7.250000e-01 3.749186e-01 5.756272e-01
-2.700000e-01 7.250000e-01 4.032031e-01 5.428831e-01 -2.700000e-01 7.350000e-01 4.016998e-01 5.432744e-01
2.000000e-01 7.250000e-01 5.188298e-01 4.327427e-01 2.050000e-01 7.300000e-01 5.154099e-01 4.293008e-01
2.050000e-01 7.300000e-01 5.154099e-01 4.293008e-01 2.100000e-01 7.350000e-01 5.117715e-01 4.258545e-01
5.450000e-01 7.300000e-01 2.522337e-01 4.378340e-01 5.400000e-01 7.350000e-01 2.564938e-01 4.338955e-01
5.500000e-01 7.250000e-01 2.482046e-01 4.417745e-01 5.450000e-01 7.300000e-01 2.522337e-01 4.378340e-01
1.055000e+00 7.300000e-01 3.726805e-01 5.750677e-01 1.050000e+00 7.350000e-01 3.704960e-01 5.744555e-01
1.060000e+00 7.250000e-01 3.749186e-01 5.756272e-01 1.055000e+00 7.300000e-01 3.726805e-01 5.750677e-01
-2.700000e-01 7.350000e-01 4.016998e-01 5.432744e-01 -2.650000e-01 7.400000e-01 4.038098e-01 5.427173e-01
-2.650000e-01 7.400000e-01 4.038098e-01 5.427173e-01 -2.600000e-01 7.450000e-01 4.058635e-01 5.421093e-01
2.100000e-01 7.350000e-01 5.117715e-01 4.258545e-01 2.150000e-01 7.400000e-01 5.081406e-01 4.226196e-01
2.150000e-01 7.400000e-01 5.081406e-01 4.226196e-01 2.200000e-01 7.450000e-01 5.043036e-01 4.194044e-01
5.250000e-01 7.400000e-01 2.656303e-01 4.261621e-01 5.200000e-01 7.450000e-01 2.702977e-01 4.225303e-01
5.250000e-01 7.400000e-01 2.656303e-01 4.261621e-01 5.350000e-01 7.400000e-01 2.607380e-01 4.301870e-01
5.400000e-01 7.350000e-01 2.564938e-01 4.338955e-01 5.350000e-01 7.400000e-01 2.607380e-01 4.301870e-01
1.050000e+00 7.350000e-01 3.704960e-01 5.744555e-01 1.050000e+00 7.450000e-01 3.721717e-01 5.748888e-01
-2.600000e-01 7.450000e-01 4.058635e-01 5.421093e-01 -2.600000e-01 7.550000e-01 4.041826e-01 5.425779e-01
2.200000e-01 7.450000e-01 5.043036e-01 4.194044e-01 2.250000e-01 7.500000e-01 5.004981e-01 4.164082e-01
2.250000e-01 7.500000e-01 5.004981e-01 4.164082e-01 2.300000e-01 7.550000e-01 4.965027e-01 4.134551e-01
5.150000e-01 7.500000e-01 2.749046e-01 4.191476e-01 5.100000e-01 7.550000e-01 2.796952e-01 4.158388e-01
5.200000e-01 7.450000e-01 2.702977e-01 4.225303e-01 5.150000e-01 7.500000e-01 2.749046e-01 4.191476e-01
1.050000e+00 7.450000e-01 3.721717e-01 5.748888e-01 1.050000e+00 7.550000e-01 3.739231e-01 5.753848e-01
-2.600000e-01 7.550000e-01 4.041826e-01 5.425779e-01 -2.600000e-01 7.650000e-01 4.024289e-01 5.431281e-01
2.300000e-01 7.550000e-01 4.965027e-01 4.134551e-01 2.350000e-01 7.600000e-01 4.925617e-01 4.107244e-01
2.350000e-01 7.600000e-01 4.925617e-01 4.107244e-01 2.450000e-01 7.600000e-01 4.875549e-01 4.075078e-01
2.450000e-01 7.600000e-01 4.875549e-01 4.075078e-01 2.500000e-01 7.650000e-01 4.832824e-01 4.049215e-01
4.950000e-01 7.600000e-01 2.904613e-01 4.091215e-01 4.900000e-01 7.650000e-01 2.954597e-01 4.062752e-01
4.950000e-01 7.600000e-01 2.904613e-01 4.091215e-01 5.050000e-01 7.600000e-01 2.843995e-01 4.127795e-01
5.100000e-01 7.550000e-01 2.796952e-01 4.158388e-01 5.050000e-01 7.600000e-01 2.843995e-01 4.127795e-01
1.050000e+00 7.550000e-01 3.739231e-01 5.753848e-01 1.050000e+00 7.650000e-01 3.757484e-01 5.759464e-01
-2.600000e-01 7.650000e-01 4.024289e-01 5.431281e-01 -2.550000e-01 7.700000e-01 4.043324e-01 5.425333e-01
-2.550000e-01 7.700000e-01 4.043324e-01 5.425333e-01 -2.500000e-01 7.750000e-01 4.061763e-01 5.418893e-01
2.500000e-01 7.650000e-01 4.832824e-01 4.049215e-01 2.550000e-01 7.700000e-01 4.790991e-01 4.025621e-01
2.550000e-01 7.700000e-01 4.790991e-01 4.025621e-01 2.600000e-01 7.750000e-01 4.747798e-01 4.003011e-01
4.750000e-01 7.700000e-01 3.070344e-01 4.004179e-01 4.700000e-01 7.750000e-01 3.120983e-01 3.981020e-01
4.750000e-01 7.700000e-01 3.070344e-01 4.004179e-01 4.850000e-01 7.700000e-01 3.003334e-01 4.036776e-01
4.900000e-01 7.650000e-01 2.954597e-01 4.062752e-01 4.850000e-01 7.700000e-01 3.003334e-01 4.036776e-01
1.050000e+00 7.650000e-01 3.757484e-01 5.759464e-01 1.050000e+00 7.750000e-01 3.776455e-01 5.765763e-01
-2.500000e-01 7.750000e-01 4.061763e-01 5.418893e-01 -2.500000e-01 7.850000e-01 4.042549e-01 5.425426e-01
2.600000e-01 7.750000e-01 4.747798e-01 4.003011e-01 2.650000e-01 7.800000e-01 4.705670e-01 3.982605e-01
2.650000e-01 7.800000e-01 4.705670e-01 3.982605e-01 2.750000e-01 7.800000e-01 4.646243e-01 3.955572e-01
2.750000e-01 7.800000e-01 4.646243e-01 3.955572e-01 2.850000e-01 7.800000e-01 4.583227e-01 3.930260e-01
2.850000e-01 7.800000e-01 4.583227e-01 3.930260e-01 2.900000e-01 7.850000e-01 4.538320e-01 3.913641e-01
4.550000e-01 7.800000e-01 3.241806e-01 3.932758e-01 4.500000e-01 7.850000e-01 3.291642e-01 3.915260e-01
4.550000e-01 7.800000e-01 3.241806e-01 3.932758e-01 4.650000e-01 7.800000e-01 3.170079e-01 3.960229e-01
4.700000e-01 7.750000e-01 3.120983e-01 3.981020e-01 4.650000e-01 7.800000e-01 3.170079e-01 3.960229e-01
1.050000e+00 7.750000e-01 3.776455e-01 5.765763e-01 1.050000e+00 7.850000e-01 3.796121e-01 5.772771e-01
-2.500000e-01 7.850000e-01 4.042549e-01 5.425426e-01 -2.500000e-01 7.950000e-01 4.022674e-01 5.432868e-01
2.900000e-01 7.850000e-01 4.538320e-01 3.913641e-01 2.950000e-01 7.900000e-01 4.494842e-01 3.899113e-01
2.950000e-01 7.900000e-01 4.494842e-01 3.899113e-01 3.050000e-01 7.900000e-01 4.427364e-01 3.878710e-01
3.050000e-01 7.900000e-01 4.427364e-01 3.878710e-01 3.150000e-01 7.900000e-01 4.357036e-01 3.860675e-01
3.150000e-01 7.900000e-01 4.357036e-01 3.860675e-01 3.250000e-01 7.900000e-01 4.284110e-01 3.845210e-01
3.250000e-01 7.900000e-01 4.284110e-01 3.845210e-01 3.300000e-01 7.950000e-01 4.240147e-01 3.836990e-01
4.150000e-01 7.900000e-01 3.569270e-01 3.843787e-01 4.100000e-01 7.950000e-01 3.615492e-01 3.835648e-01
4.150000e-01 7.900000e-01 3.569270e-01 3.843787e-01 4.250000e-01 7.900000e-01 3.490916e-01 3.859620e-01
4.250000e-01 7.900000e-01 3.490916e-01 3.859620e-01 4.350000e-01 7.900000e-01 3.414293e-01 3.878391e-01
4.350000e-01 7.900000e-01 3.414293e-01 3.878391e-01 4.450000e-01 7.900000e-01 3.339756e-01 3.899929e-01
4.500000e-01 7.850000e-01 3.291642e-01 3.915260e-01 4.450000e-01 7.900000e-01 3.339756e-01 3.899929e-01
1.045000e+00 7.900000e-01 3.777354e-01 5.766471e-01 1.040000e+00 7.950000e-01 3.759180e-01 5.759677e-01
1.050000e+00 7.850000e-01 3.796121e-01 5.772771e-01 1.045000e+00 7.900000e-01 3.777354e-01 5.766471e-01
-2.500000e-01 7.950000e-01 4.022674e-01 5.432868e-01 -2.450000e-01 8.000000e-01 4.039676e-01 5.426798e-01
-2.450000e-01 8.000000e-01 4.039676e-01 5.426798e-01 -2.400000e-01 8.050000e-01 4.056051e-01 5.420263e-01
3.300000e-01 7.950000e-01 4.240147e-01 3.836990e-01 3.350000e-01 8.000000e-01 4.197847e-01 3.830555e-01
3.350000e-01 8.000000e-01 4.197847e-01 3.830555e-01 3.450000e-01 8.000000e-01 4.123579e-01 3.821195e-01
3.450000e-01 8.000000e-01 4.123579e-01 3.821195e-01 3.550000e-01 8.000000e-01 4.047820e-01 3.814781e-01
3.550000e-01 8.000000e-01 4.047820e-01 3.814781e-01 3.650000e-01 8.000000e-01 3.970933e-01 3.811411e-01
3.650000e-01 8.000000e-01 3.970933e-01 3.811411e-01 3.750000e-01 8.000000e-01 3.893300e-01 3.811156e-01
3.750000e-01 8.000000e-01 3.893300e-01 3.811156e-01 3.850000e-01 8.000000e-01 3.815317e-01 3.814052e-01
3.850000e-01 8.000000e-01 3.815317e-01 3.814052e-01 3.950000e-01 8.000000e-01 3.737388e-01 3.820103e-01
3.950000e-01 8.000000e-01 3.737388e-01 3.820103e-01 4.050000e-01 8.000000e-01 3.659914e-01 3.829276e-01
4.100000e-01 7.950000e-01 3.615492e-01 3.835648e-01 4.050000e-01 8.000000e-01 3.659914e-01 3.829276e-01
1.040000e+00 7.950000e-01 3.759180e-01 5.759677e-01 1.040000e+00 8.050000e-01 3.780502e-01 5.767530e-01
-2.400000e-01 8.050000e-01 4.056051e-01 5.420263e-01 -2.400000e-01 8.150000e-01 4.034623e-01 5.428978e-01
1.040000e+00 8.050000e-01 3.780502e-01 5.767530e-01 1.040000e+00 8.150000e-01 3.802459e-01 5.776183e-01
-2.400000e-01 8.150000e-01 4.034623e-01 5.428978e-01 -2.350000e-01 8.200000e-01 4.050088e-01 5.422824e-01
-2.350000e-01 8.200000e-01 4.050088e-01 5.422824e-01 -2.300000e-01 8.250000e-01 4.064903e-01 5.416225e-01
1.035000e+00 8.200000e-01 3.785736e-01 5.769637e-01 1.030000e+00 8.250000e-01 3.769638e-01 5.762619e-01
1.040000e+00 8.150000e-01 3.802459e-01 5.776183e-01 1.035000e+00 8.200000e-01 3.785736e-01 5.769637e-01
-2.300000e-01 8.250000e-01 4.064903e-01 5.416225e-01 -2.300000e-01 8.350000e-01 4.042014e-01 5.426381e-01
1.030000e+00 8.250000e-01 3.769638e-01 5.762619e-01 1.030000e+00 8.350000e-01 3.793137e-01 5.772356e-01
-2.300000e-01 8.350000e-01 4.042014e-01 5.426381e-01 -2.250000e-01 8.400000e-01 4.055965e-01 5.420270e-01
-2.250000e-01 8.400000e-01 4.055965e-01 5.420270e-01 -2.200000e-01 8.450000e-01 4.069245e-01 5.413739e-01
1.030000e+00 8.350000e-01 3.793137e-01 5.772356e-01 1.030000e+00 8.450000e-01 3.817203e-01 5.782974e-01
-2.200000e-01 8.450000e-01 4.069245e-01 5.413739e-01 -2.200000e-01 8.550000e-01 4.045000e-01 5.425495e-01
1.030000e+00 8.450000e-01 3.817203e-01 5.782974e-01 1.030000e+00 8.550000e-01 3.841811e-01 5.794490e-01
-2.200000e-01 8.550000e-01 4.045000e-01 5.425495e-01 -2.150000e-01 8.600000e-01 4.057470e-01 5.419557e-01
-2.150000e-01 8.600000e-01 4.057470e-01 5.419557e-01 -2.100000e-01 8.650000e-01 4.069252e-01 5.413228e-01
1.025000e+00 8.600000e-01 3.827512e-01 5.788143e-01 1.020000e+00 8.650000e-01 3.813865e-01 5.781370e-01
1.030000e+00 8.550000e-01 3.841811e-01 5.794490e-01 1.025000e+00 8.600000e-01 3.827512e-01 5.788143e-01
-2.100000e-01 8.650000e-01 4.069252e-01 5.413228e-01 -2.100000e-01 8.750000e-01 4.043765e-01 5.426732e-01
1.020000e+00 8.650000e-01 3.813865e-01 5.781370e-01 1.020000e+00 8.750000e-01 3.839832e-01 5.794245e-01
-2.100000e-01 8.750000e-01 4.043765e-01 5.426732e-01 -2.050000e-01 8.800000e-01 4.054798e-01 5.421094e-01
-2.050000e-01 8.800000e-01 4.054798e-01 5.421094e-01 -2.000000e-01 8.850000e-01 4.065131e-01 5.415099e-01
1.015000e+00 8.800000e-01 3.827014e-01 5.787948e-01 1.010000e+00 8.850000e-01 3.814865e-01 5.781250e-01
1.020000e+00 8.750000e-01 3.839832e-01 5.794245e-01 1.015000e+00 8.800000e-01 3.827014e-01 5.787948e-01
-2.000000e-01 8.850000e-01 4.065131e-01 5.415099e-01 -2.000000e-01 8.950000e-01 4.038525e-01 5.430484e-01
1.010000e+00 8.850000e-01 3.814865e-01 5.781250e-01 1.010000e+00 8.950000e-01 3.842088e-01 5.795632e-01
-2.000000e-01 8.950000e-01 4.038525e-01 5.430484e-01 -1.950000e-01 9.000000e-01 4.048176e-01 5.425274e-01
-1.950000e-01 9.000000e-01 4.048176e-01 5.425274e-01 -1.900000e-01 9.050000e-01 4.057118e-01 5.419740e-01
1.010000e+00 8.950000e-01 3.842088e-01 5.795632e-01 1.010000e+00 9.050000e-01 3.869726e-01 5.811022e-01
-1.900000e-01 9.050000e-01 4.057118e-01 5.419740e-01 -1.850000e-01 9.100000e-01 4.065747e-01 5.414637e-01
-1.850000e-01 9.100000e-01 4.065747e-01 5.414637e-01 -1.800000e-01 9.150000e-01 4.073655e-01 5.409231e-01
1.005000e+00 9.100000e-01 3.858718e-01 5.805211e-01 1.000000e+00 9.150000e-01 3.848392e-01 5.799043e-01
1.010000e+00 9.050000e-01 3.869726e-01 5.811022e-01 1.005000e+00 9.100000e-01 3.858718e-01 5.805211e-01
-1.800000e-01 9.150000e-01 4.073655e-01 5.409231e-01 -1.800000e-01 9.250000e-01 4.045472e-01 5.427518e-01
1.000000e+00 9.150000e-01 3.848392e-01 5.799043e-01 1.000000e+00 9.250000e-01 3.877121e-01 5.816116e-01
-1.800000e-01 9.250000e-01 4.045472e-01 5.427518e-01 -1.750000e-01 9.300000e-01 4.052816e-01 5.423042e-01
-1.750000e-01 9.300000e-01 4.052816e-01 5.423042e-01 -1.700000e-01 9.350000e-01 4.059437e-01 5.418302e-01
9.950000e-01 9.300000e-01 3.867478e-01 5.810646e-01 9.900000e-01 9.350000e-01 3.858527e-01 5.804851e-01
1.000000e+00 9.250000e-01 3.877121e-01 5.816116e-01 9.950000e-01 9.300000e-01 3.867478e-01 5.810646e-01
-1.700000e-01 9.350000e-01 4.059437e-01 5.418302e-01 -1.650000e-01 9.400000e-01 4.065808e-01 5.414059e-01
-1.650000e-01 9.400000e-01 4.065808e-01 5.414059e-01 -1.600000e-01 9.450000e-01 4.071450e-01 5.409578e-01
9.900000e-01 9.350000e-01 3.858527e-01 5.804851e-01 9.900000e-01 9.450000e-01 3.888227e-01 5.823730e-01
-1.600000e-01 9.450000e-01 4.071450e-01 5.409578e-01 -1.600000e-01 9.550000e-01 4.042033e-01 5.431077e-01
9.850000e-01 9.500000e-01 3.879891e-01 5.818718e-01 9.800000e-01 9.550000e-01 3.872250e-01 5.813416e-01
9.900000e-01 9.450000e-01 3.888227e-01 5.823730e-01 9.850000e-01 9.500000e-01 3.879891e-01 5.818718e-01
-1.600000e-01 9.550000e-01 4.042033e-01 5.431077e-01 -1.550000e-01 9.600000e-01 4.047240e-01 5.427649e-01
-1.550000e-01 9.600000e-01 4.047240e-01 5.427649e-01 -1.500000e-01 9.650000e-01 4.051723e-01 5.424026e-01
9.800000e-01 9.550000e-01 3.872250e-01 5.813416e-01 9.800000e-01 9.650000e-01 3.902798e-01 5.834208e-01
-1.500000e-01 9.650000e-01 4.051723e-01 5.424026e-01 -1.450000e-01 9.700000e-01 4.056023e-01 5.420956e-01
-1.450000e-01 9.700000e-01 4.056023e-01 5.420956e-01 -1.400000e-01 9.750000e-01 4.059598e-01 5.417717e-01
9.750000e-01 9.700000e-01 3.895701e-01 5.829768e-01 9.700000e-01 9.750000e-01 3.889301e-01 5.825075e-01
9.800000e-01 9.650000e-01 3.902798e-01 5.834208e-01 9.750000e-01 9.700000e-01 3.895701e-01 5.829768e-01
-1.400000e-01 9.750000e-01 4.059598e-01 5.417717e-01 -1.350000e-01 9.800000e-01 4.063018e-01 5.415054e-01
-1.350000e-01 9.800000e-01 4.063018e-01 5.415054e-01 -1.300000e-01 9.850000e-01 4.065713e-01 5.412249e-01
9.650000e-01 9.800000e-01 3.883143e-01 5.820843e-01 9.600000e-01 9.850000e-01 3.877686e-01 5.816381e-01
9.700000e-01 9.750000e-01 3.889301e-01 5.825075e-01 9.650000e-01 9.800000e-01 3.883143e-01 5.820843e-01
-1.300000e-01 9.850000e-01 4.065713e-01 5.412249e-01 -1.300000e-01 9.950000e-01 4.035158e-01 5.438387e-01
9.600000e-01 9.850000e-01 3.877686e-01 5.816381e-01 9.600000e-01 9.950000e-01 3.909397e-01 5.840138e-01
-1.300000e-01 9.950000e-01 4.035158e-01 5.438387e-01 -1.250000e-01 1.000000e+00 4.037613e-01 5.436777e-01
-1.250000e-01 1.000000e+00 4.037613e-01 5.436777e-01 -1.200000e-01 1.005000e+00 4.039358e-01 5.435071e-01
9.550000e-01 1.000000e+00 3.904361e-01 5.836657e-01 9.500000e-01 1.005000e+00 3.900022e-01 5.832984e-01
9.600000e-01 9.950000e-01 3.909397e-01 5.840138e-01 9.550000e-01 1.000000e+00 3.904361e-01 5.836657e-01
-1.200000e-01 1.005000e+00 4.039358e-01 5.435071e-01 -1.150000e-01 1.010000e+00 4.041020e-01 5.433981e-01
-1.150000e-01 1.010000e+00 4.041020e-01 5.433981e-01 -1.100000e-01 1.015000e+00 4.041977e-01 5.432822e-01
9.450000e-01 1.010000e+00 3.895862e-01 5.829829e-01 9.400000e-01 1.015000e+00 3.892397e-01 5.826507e-01
9.500000e-01 1.005000e+00 3.900022e-01 5.832984e-01 9.450000e-01 1.010000e+00 3.895862e-01 5.829829e-01
-1.100000e-01 1.015000e+00 4.041977e-01 5.432822e-01 -1.050000e-01 1.020000e+00 4.042881e-01 5.432296e-01
-1.050000e-01 1.020000e+00 4.042881e-01 5.432296e-01 -1.000000e-01 1.025000e+00 4.043087e-01 5.431729e-01
9.400000e-01 1.015000e+00 3.892397e-01 5.826507e-01 9.400000e-01 1.025000e+00 3.924933e-01 5.853476e-01
-1.000000e-01 1.025000e+00 4.043087e-01 5.431729e-01 -9.500000e-02 1.030000e+00 4.043267e-01 5.431809e-01
-9.500000e-02 1.030000e+00 4.043267e-01 5.431809e-01 -9.000000e-02 1.035000e+00 4.042761e-01 5.431878e-01
9.350000e-01 1.030000e+00 3.921760e-01 5.851236e-01 9.300000e-01 1.035000e+00 3.919271e-01 5.848870e-01
9.400000e-01 1.025000e+00 3.924933e-01 5.853476e-01 9.350000e-01 1.030000e+00 3.921760e-01 5.851236e-01
-9.000000e-02 1.035000e+00 4.042761e-01 5.431878e-01 -8.500000e-02 1.040000e+00 4.042257e-01 5.432607e-01
-8.500000e-02 1.040000e+00 4.042257e-01 5.432607e-01 -8.000000e-02 1.045000e+00 4.041079e-01 5.433352e-01
9.250000e-01 1.040000e+00 3.916893e-01 5.847066e-01 9.200000e-01 1.045000e+00 3.915196e-01 5.845164e-01
9.300000e-01 1.035000e+00 3.919271e-01 5.848870e-01 9.250000e-01 1.040000e+00 3.916893e-01 5.847066e-01
-8.000000e-02 1.045000e+00 4.041079e-01 5.433352e-01 -7.500000e-02 1.050000e+00 4.039933e-01 5.434768e-01
-7.500000e-02 1.050000e+00 4.039933e-01 5.434768e-01 -7.000000e-02 1.055000e+00 4.038125e-01 5.436230e-01
9.150000e-01 1.050000e+00 3.913585e-01 5.843840e-01 9.100000e-01 1.055000e+00 3.912647e-01 5.842444e-01
9.200000e-01 1.045000e+00 3.915196e-01 5.845164e-01 9.150000e-01 1.050000e+00 3.913585e-01 5.843840e-01
-7.000000e-02 1.055000e+00 4.038125e-01 5.436230e-01 -6.500000e-02 1.060000e+00 4.036378e-01 5.438371e-01
-6.500000e-02 1.060000e+00 4.036378e-01 5.438371e-01 -6.000000e-02 1.065000e+00 4.033985e-01 5.440587e-01
9.100000e-01 1.055000e+00 3.912647e-01 5.842444e-01 9.100000e-01 1.065000e+00 3.945793e-01 5.873989e-01
-6.000000e-02 1.065000e+00 4.033985e-01 5.440587e-01 -5.500000e-02 1.070000e+00 4.031681e-01 5.443488e-01
-5.500000e-02 1.070000e+00 4.031681e-01 5.443488e-01 -5.000000e-02 1.075000e+00 4.028750e-01 5.446492e-01
9.050000e-01 1.070000e+00 3.944960e-01 5.873784e-01 9.000000e-01 1.075000e+00 3.944779e-01 5.873549e-01
9.100000e-01 1.065000e+00 3.945793e-01 5.873989e-01 9.050000e-01 1.070000e+00 3.944960e-01 5.873784e-01
-5.000000e-02 1.075000e+00 4.028750e-01 5.446492e-01 -4.500000e-02 1.080000e+00 4.025935e-01 5.450186e-01
-4.500000e-02 1.080000e+00 4.025935e-01 5.450186e-01 -4.000000e-02 1.085000e+00 4.022511e-01 5.454012e-01
8.950000e-01 1.080000e+00 3.944618e-01 5.873922e-01 8.900000e-01 1.085000e+00 3.945098e-01 5.874290e-01
9.000000e-01 1.075000e+00 3.944779e-01 5.873549e-01 8.950000e-01 1.080000e+00 3.944618e-01 5.873922e-01
-4.000000e-02 1.085000e+00 4.022511e-01 5.454012e-01 -3.500000e-02 1.090000e+00 4.019232e-01 5.458530e-01
-3.500000e-02 1.090000e+00 4.019232e-01 5.458530e-01 -3.000000e-02 1.095000e+00 4.015364e-01 5.463206e-01
8.850000e-01 1.090000e+00 3.945571e-01 5.875280e-01 8.800000e-01 1.095000e+00 3.946674e-01 5.876291e-01
8.900000e-01 1.085000e+00 3.945098e-01 5.874290e-01 8.850000e-01 1.090000e+00 3.945571e-01 5.875280e-01
-3.000000e-02 1.095000e+00 4.015364e-01 5.463206e-01 -2.500000e-02 1.100000e+00 4.011669e-01 5.468576e-01
-2.500000e-02 1.100000e+00 4.011669e-01 5.468576e-01 -2.000000e-02 1.105000e+00 4.007406e-01 5.474132e-01
8.750000e-01 1.100000e+00 3.947742e-01 5.877933e-01 8.700000e-01 1.105000e+00 3.949428e-01 5.879624e-01
8.800000e-01 1.095000e+00 3.946674e-01 5.876291e-01 8.750000e-01 1.100000e+00 3.947742e-01 5.877933e-01
-2.000000e-02 1.105000e+00 4.007406e-01 5.474132e-01 -1.500000e-02 1.110000e+00 4.003341e-01 5.480379e-01
-1.500000e-02 1.110000e+00 4.003341e-01 5.480379e-01 -1.000000e-02 1.115000e+00 3.998733e-01 5.486836e-01
8.650000e-01 1.110000e+00 3.951052e-01 5.881954e-01 8.600000e-01 1.115000e+00 3.953277e-01 5.884359e-01
8.700000e-01 1.105000e+00 3.949428e-01 5.879624e-01 8.650000e-01 1.110000e+00 3.951052e-01 5.881954e-01
-1.000000e-02 1.115000e+00 3.998733e-01 5.486836e-01 -5.000000e-03 1.120000e+00 3.994348e-01 5.493984e-01
-5.000000e-03 1.120000e+00 3.994348e-01 5.493984e-01 5.000000e-03 1.120000e+00 4.013362e-01 5.465161e-01
5.000000e-03 1.120000e+00 4.013362e-01 5.465161e-01 1.000000e-02 1.125000e+00 4.007948e-01 5.472795e-01
8.550000e-01 1.120000e+00 3.955415e-01 5.887411e-01 8.500000e-01 1.125000e+00 3.958139e-01 5.890564e-01
8.600000e-01 1.115000e+00 3.953277e-01 5.884359e-01 8.550000e-01 1.120000e+00 3.955415e-01 5.887411e-01
1.000000e-02 1.125000e+00 4.007948e-01 5.472795e-01 1.500000e-02 1.130000e+00 4.002799e-01 5.481122e-01
1.500000e-02 1.130000e+00 4.002799e-01 5.481122e-01 2.000000e-02 1.135000e+00 3.997167e-01 5.489723e-01
8.350000e-01 1.130000e+00 3.934539e-01 5.861806e-01 8.300000e-01 1.135000e+00 3.938278e-01 5.865879e-01
8.350000e-01 1.130000e+00 3.934539e-01 5.861806e-01 8.450000e-01 1.130000e+00 3.960748e-01 5.894369e-01
8.500000e-01 1.125000e+00 3.958139e-01 5.890564e-01 8.450000e-01 1.130000e+00 3.960748e-01 5.894369e-01
2.000000e-02 1.135000e+00 3.997167e-01 5.489723e-01 2.500000e-02 1.140000e+00 3.991822e-01 5.499007e-01
2.500000e-02 1.140000e+00 3.991822e-01 5.499007e-01 3.000000e-02 1.145000e+00 3.986022e-01 5.508589e-01
8.250000e-01 1.140000e+00 3.941863e-01 5.870616e-01 8.200000e-01 1.145000e+00 3.945990e-01 5.875520e-01
8.300000e-01 1.135000e+00 3.938278e-01 5.865879e-01 8.250000e-01 1.140000e+00 3.941863e-01 5.870616e-01
3.000000e-02 1.145000e+00 3.986022e-01 5.508589e-01 3.500000e-02 1.150000e+00 3.980529e-01 5.518847e-01
3.500000e-02 1.150000e+00 3.980529e-01 5.518847e-01 4.500000e-02 1.150000e+00 3.995511e-01 5.492027e-01
4.500000e-02 1.150000e+00 3.995511e-01 5.492027e-01 5.000000e-02 1.155000e+00 3.989182e-01 5.502936e-01
8.150000e-01 1.150000e+00 3.949937e-01 5.881090e-01 8.100000e-01 1.155000e+00 3.954404e-01 5.886852e-01
8.200000e-01 1.145000e+00 3.945990e-01 5.875520e-01 8.150000e-01 1.150000e+00 3.949937e-01 5.881090e-01
5.000000e-02 1.155000e+00 3.989182e-01 5.502936e-01 5.500000e-02 1.160000e+00 3.983195e-01 5.514512e-01
5.500000e-02 1.160000e+00 3.983195e-01 5.514512e-01 6.000000e-02 1.165000e+00 3.976828e-01 5.526441e-01
8.050000e-01 1.160000e+00 3.958668e-01 5.893278e-01 8.000000e-01 1.165000e+00 3.963429e-01 5.899918e-01
8.100000e-01 1.155000e+00 3.954404e-01 5.886852e-01 8.050000e-01 1.160000e+00 3.958668e-01 5.893278e-01
6.000000e-02 1.165000e+00 3.976828e-01 5.526441e-01 6.500000e-02 1.170000e+00 3.970821e-01 5.539025e-01
6.500000e-02 1.170000e+00 3.970821e-01 5.539025e-01 7.500000e-02 1.170000e+00 3.983120e-01 5.514009e-01
7.500000e-02 1.170000e+00 3.983120e-01 5.514009e-01 8.000000e-02 1.175000e+00 3.976430e-01 5.527345e-01
7.850000e-01 1.170000e+00 3.947071e-01 5.876316e-01 7.800000e-01 1.175000e+00 3.952540e-01 5.884110e-01
7.850000e-01 1.170000e+00 3.947071e-01 5.876316e-01 7.950000e-01 1.170000e+00 3.967963e-01 5.907222e-01
8.000000e-01 1.165000e+00 3.963429e-01 5.899918e-01 7.950000e-01 1.170000e+00 3.967963e-01 5.907222e-01
8.000000e-02 1.175000e+00 3.976430e-01 5.527345e-01 8.500000e-02 1.180000e+00 3.970131e-01 5.541325e-01
8.500000e-02 1.180000e+00 3.970131e-01 5.541325e-01 9.500000e-02 1.180000e+00 3.980691e-01 5.517561e-01
9.500000e-02 1.180000e+00 3.980691e-01 5.517561e-01 1.000000e-01 1.185000e+00 3.973807e-01 5.532351e-01
7.750000e-01 1.180000e+00 3.957746e-01 5.892568e-01 7.700000e-01 1.185000e+00 3.963388e-01 5.901301e-01
7.800000e-01 1.175000e+00 3.952540e-01 5.884110e-01 7.750000e-01 1.180000e+00 3.957746e-01 5.892568e-01
1.000000e-01 1.185000e+00 3.973807e-01 5.532351e-01 1.050000e-01 1.190000e+00 3.967342e-01 5.547767e-01
1.050000e-01 1.190000e+00 3.967342e-01 5.547767e-01 1.100000e-01 1.195000e+00 3.960626e-01 5.563607e-01
7.550000e-01 1.190000e+00 3.950717e-01 5.881130e-01 7.500000e-01 1.195000e+00 3.956881e-01 5.891124e-01
7.550000e-01 1.190000e+00 3.950717e-01 5.881130e-01 7.650000e-01 1.190000e+00 3.968745e-01 5.910693e-01
7.700000e-01 1.185000e+00 3.963388e-01 5.901301e-01 7.650000e-01 1.190000e+00 3.968745e-01 5.910693e-01
1.100000e-01 1.195000e+00 3.960626e-01 5.563607e-01 1.150000e-01 1.200000e+00 3.954340e-01 5.580058e-01
1.150000e-01 1.200000e+00 3.954340e-01 5.580058e-01 1.250000e-01 1.200000e+00 3.962861e-01 5.558525e-01
1.250000e-01 1.200000e+00 3.962861e-01 5.558525e-01 1.300000e-01 1.205000e+00 3.956160e-01 5.575856e-01
7.350000e-01 1.200000e+00 3.946546e-01 5.873164e-01 7.300000e-01 1.205000e+00 3.953113e-01 5.884484e-01
7.350000e-01 1.200000e+00 3.946546e-01 5.873164e-01 7.450000e-01 1.200000e+00 3.962726e-01 5.901772e-01
7.500000e-01 1.195000e+00 3.956881e-01 5.891124e-01 7.450000e-01 1.200000e+00 3.962726e-01 5.901772e-01
1.300000e-01 1.205000e+00 3.956160e-01 5.575856e-01 1.350000e-01 1.210000e+00 3.949909e-01 5.593776e-01
1.350000e-01 1.210000e+00 3.949909e-01 5.593776e-01 1.450000e-01 1.210000e+00 3.957105e-01 5.573746e-01
1.450000e-01 1.210000e+00 3.957105e-01 5.573746e-01 1.500000e-01 1.215000e+00 3.950547e-01 5.592584e-01
7.150000e-01 1.210000e+00 3.944876e-01 5.868913e-01 7.100000e-01 1.215000e+00 3.951725e-01 5.881611e-01
7.150000e-01 1.210000e+00 3.944876e-01 5.868913e-01 7.250000e-01 1.210000e+00 3.959329e-01 5.896449e-01
7.300000e-01 1.205000e+00 3.953113e-01 5.884484e-01 7.250000e-01 1.210000e+00 3.959329e-01 5.896449e-01
1.500000e-01 1.215000e+00 3.950547e-01 5.592584e-01 1.550000e-01 1.220000e+00 3.944455e-01 5.611990e-01
1.550000e-01 1.220000e+00 3.944455e-01 5.611990e-01 1.650000e-01 1.220000e+00 3.950496e-01 5.593543e-01
1.650000e-01 1.220000e+00 3.950496e-01 5.593543e-01 1.750000e-01 1.220000e+00 3.955678e-01 5.575777e-01
1.750000e-01 1.220000e+00 3.955678e-01 5.575777e-01 1.800000e-01 1.225000e+00 3.949323e-01 5.596617e-01
6.950000e-01 1.220000e+00 3.945336e-01 5.868592e-01 6.900000e-01 1.225000e+00 3.952343e-01 5.882712e-01
6.950000e-01 1.220000e+00 3.945336e-01 5.868592e-01 7.050000e-01 1.220000e+00 3.958194e-01 5.894943e-01
7.100000e-01 1.215000e+00 3.951725e-01 5.881611e-01 7.050000e-01 1.220000e+00 3.958194e-01 5.894943e-01
1.800000e-01 1.225000e+00 3.949323e-01 5.596617e-01 1.850000e-01 1.230000e+00 3.943455e-01 5.617994e-01
1.850000e-01 1.230000e+00 3.943455e-01 5.617994e-01 1.950000e-01 1.230000e+00 3.947727e-01 5.601919e-01
1.950000e-01 1.230000e+00 3.947727e-01 5.601919e-01 2.000000e-01 1.235000e+00 3.941816e-01 5.624279e-01
6.750000e-01 1.230000e+00 3.947539e-01 5.872391e-01 6.700000e-01 1.235000e+00 3.954577e-01 5.887971e-01
6.750000e-01 1.230000e+00 3.947539e-01 5.872391e-01 6.850000e-01 1.230000e+00 3.958942e-01 5.897454e-01
6.900000e-01 1.225000e+00 3.952343e-01 5.882712e-01 6.850000e-01 1.230000e+00 3.958942e-01 5.897454e-01
2.000000e-01 1.235000e+00 3.941816e-01 5.624279e-01 2.050000e-01 1.240000e+00 3.936400e-01 5.647150e-01
2.050000e-01 1.240000e+00 3.936400e-01 5.647150e-01 2.150000e-01 1.240000e+00 3.939944e-01 5.632814e-01
2.150000e-01 1.240000e+00 3.939944e-01 5.632814e-01 2.250000e-01 1.240000e+00 3.942801e-01 5.619253e-01
2.250000e-01 1.240000e+00 3.942801e-01 5.619253e-01 2.300000e-01 1.245000e+00 3.937518e-01 5.643622e-01
6.450000e-01 1.240000e+00 3.941859e-01 5.857354e-01 6.400000e-01 1.245000e+00 3.948943e-01 5.874873e-01
6.450000e-01 1.240000e+00 3.941859e-01 5.857354e-01 6.550000e-01 1.240000e+00 3.951084e-01 5.880474e-01
6.550000e-01 1.240000e+00 3.951084e-01 5.880474e-01 6.650000e-01 1.240000e+00 3.961186e-01 5.904153e-01
6.700000e-01 1.235000e+00 3.954577e-01 5.887971e-01 6.650000e-01 1.240000e+00 3.961186e-01 5.904153e-01
2.300000e-01 1.245000e+00 3.937518e-01 5.643622e-01 2.350000e-01 1.250000e+00 3.932738e-01 5.668466e-01
2.350000e-01 1.250000e+00 3.932738e-01 5.668466e-01 2.450000e-01 1.250000e+00 3.935127e-01 5.656708e-01
2.450000e-01 1.250000e+00 3.935127e-01 5.656708e-01 2.550000e-01 1.250000e+00 3.936939e-01 5.645769e-01
2.550000e-01 1.250000e+00 3.936939e-01 5.645769e-01 2.600000e-01 1.255000e+00 3.932521e-01 5.672120e-01
6.150000e-01 1.250000e+00 3.940081e-01 5.850383e-01 6.100000e-01 1.255000e+00 3.946961e-01 5.869898e-01
6.150000e-01 1.250000e+00 3.940081e-01 5.850383e-01 6.250000e-01 1.250000e+00 3.947427e-01 5.871365e-01
6.250000e-01 1.250000e+00 3.947427e-01 5.871365e-01 6.350000e-01 1.250000e+00 3.955568e-01 5.892973e-01
6.400000e-01 1.245000e+00 3.948943e-01 5.874873e-01 6.350000e-01 1.250000e+00 3.955568e-01 5.892973e-01
2.600000e-01 1.255000e+00 3.932521e-01 5.672120e-01 2.650000e-01 1.260000e+00 3.928605e-01 5.698910e-01
2.650000e-01 1.260000e+00 3.928605e-01 5.698910e-01 2.750000e-01 1.260000e+00 3.930213e-01 5.689811e-01
2.750000e-01 1.260000e+00 3.930213e-01 5.689811e-01 2.850000e-01 1.260000e+00 3.931358e-01 5.681563e-01
2.850000e-01 1.260000e+00 3.931358e-01 5.681563e-01 2.950000e-01 1.260000e+00 3.932075e-01 5.674180e-01
2.950000e-01 1.260000e+00 3.932075e-01 5.674180e-01 3.050000e-01 1.260000e+00 3.932401e-01 5.667673e-01
3.050000e-01 1.260000e+00 3.932401e-01 5.667673e-01 3.100000e-01 1.265000e+00 3.929577e-01 5.696946e-01
5.750000e-01 1.260000e+00 3.935957e-01 5.833954e-01 5.700000e-01 1.265000e+00 3.942349e-01 5.855996e-01
5.750000e-01 1.260000e+00 3.935957e-01 5.833954e-01 5.850000e-01 1.260000e+00 3.941069e-01 5.851926e-01
5.850000e-01 1.260000e+00 3.941069e-01 5.851926e-01 5.950000e-01 1.260000e+00 3.946862e-01 5.870602e-01
5.950000e-01 1.260000e+00 3.946862e-01 5.870602e-01 6.050000e-01 1.260000e+00 3.953360e-01 5.889964e-01
6.100000e-01 1.255000e+00 3.946961e-01 5.869898e-01 6.050000e-01 1.260000e+00 3.953360e-01 5.889964e-01
3.100000e-01 1.265000e+00 3.929577e-01 5.696946e-01 3.150000e-01 1.270000e+00 3.927242e-01 5.726605e-01
3.150000e-01 1.270000e+00 3.927242e-01 5.726605e-01 3.250000e-01 1.270000e+00 3.927790e-01 5.721961e-01
3.250000e-01 1.270000e+00 3.927790e-01 5.721961e-01 3.350000e-01 1.270000e+00 3.928065e-01 5.718208e-01
3.350000e-01 1.270000e+00 3.928065e-01 5.718208e-01 3.450000e-01 1.270000e+00 3.928107e-01 5.715351e-01
3.450000e-01 1.270000e+00 3.928107e-01 5.715351e-01 3.550000e-01 1.270000e+00 3.927953e-01 5.713400e-01
3.550000e-01 1.270000e+00 3.927953e-01 5.713400e-01 3.650000e-01 1.270000e+00 3.927642e-01 5.712356e-01
3.650000e-01 1.270000e+00 3.927642e-01 5.712356e-01 3.700000e-01 1.275000e+00 3.927361e-01 5.744845e-01
5.050000e-01 1.270000e+00 3.928770e-01 5.792777e-01 5.000000e-01 1.275000e+00 3.933709e-01 5.818916e-01
5.050000e-01 1.270000e+00 3.928770e-01 5.792777e-01 5.150000e-01 1.270000e+00 3.930780e-01 5.805079e-01
5.150000e-01 1.270000e+00 3.930780e-01 5.805079e-01 5.250000e-01 1.270000e+00 3.933240e-01 5.818200e-01
5.250000e-01 1.270000e+00 3.933240e-01 5.818200e-01 5.350000e-01 1.270000e+00 3.936185e-01 5.832124e-01
5.350000e-01 1.270000e+00 3.936185e-01 5.832124e-01 5.450000e-01 1.270000e+00 3.939646e-01 5.846834e-01
5.450000e-01 1.270000e+00 3.939646e-01 5.846834e-01 5.550000e-01 1.270000e+00 3.943653e-01 5.862316e-01
5.550000e-01 1.270000e+00 3.943653e-01 5.862316e-01 5.650000e-01 1.270000e+00 3.948238e-01 5.878552e-01
5.700000e-01 1.265000e+00 3.942349e-01 5.855996e-01 5.650000e-01 1.270000e+00 3.948238e-01 5.878552e-01
3.700000e-01 1.275000e+00 3.927361e-01 5.744845e-01 3.750000e-01 1.280000e+00 3.927532e-01 5.777661e-01
3.750000e-01 1.280000e+00 3.927532e-01 5.777661e-01 3.850000e-01 1.280000e+00 3.927931e-01 5.778424e-01
3.850000e-01 1.280000e+00 3.927931e-01 5.778424e-01 3.950000e-01 1.280000e+00 3.928291e-01 5.780086e-01
3.950000e-01 1.280000e+00 3.928291e-01 5.780086e-01 4.050000e-01 1.280000e+00 3.928650e-01 5.782646e-01
4.050000e-01 1.280000e+00 3.928650e-01 5.782646e-01 4.150000e-01 1.280000e+00 3.929048e-01 5.786104e-01
4.150000e-01 1.280000e+00 3.929048e-01 5.786104e-01 4.250000e-01 1.280000e+00 3.929522e-01 5.790457e-01
4.250000e-01 1.280000e+00 3.929522e-01 5.790457e-01 4.350000e-01 1.280000e+00 3.930110e-01 5.795700e-01
4.350000e-01 1.280000e+00 3.930110e-01 5.795700e-01 4.450000e-01 1.280000e+00 3.930850e-01 5.801828e-01
4.450000e-01 1.280000e+00 3.930850e-01 5.801828e-01 4.550000e-01 1.280000e+00 3.931780e-01 5.808837e-01
4.550000e-01 1.280000e+00 3.931780e-01 5.808837e-01 4.650000e-01 1.280000e+00 3.932937e-01 5.816717e-01
4.650000e-01 1.280000e+00 3.932937e-01 5.816717e-01 4.750000e-01 1.280000e+00 3.934358e-01 5.825461e-01
4.750000e-01 1.280000e+00 3.934358e-01 5.825461e-01 4.850000e-01 1.280000e+00 3.936078e-01 5.835060e-01
4.850000e-01 1.280000e+00 3.936078e-01 5.835060e-01 4.950000e-01 1.280000e+00 3.938133e-01 5.845502e-01
5.000000e-01 1.275000e+00 3.933709e-01 5.818916e-01 4.950000e-01 1.280000e+00 3.938133e-01 5.845502e-01
